# P:$141B18  env_shape_tbl_F  (128 words)
# env curve table F (used at P:$04B6..0536 spread)
#  idx | hex     signed24   fraction(24-bit)
     0 | 7FFFFF   8388607   0.9999999
     1 | 7FFFFF   8388607   0.9999999
     2 | 7FFFFF   8388607   0.9999999
     3 | 7FFFFF   8388607   0.9999999
     4 | 7FFFFF   8388607   0.9999999
     5 | 7FFFFF   8388607   0.9999999
     6 | 7FFFFF   8388607   0.9999999
     7 | 7FFFFF   8388607   0.9999999
     8 | 7FFFFF   8388607   0.9999999
     9 | 7FFFFF   8388607   0.9999999
    10 | 7FFFFF   8388607   0.9999999
    11 | 7FFFFF   8388607   0.9999999
    12 | 7FFFFF   8388607   0.9999999
    13 | 7FFFFF   8388607   0.9999999
    14 | 7FFFFF   8388607   0.9999999
    15 | 7FFFFF   8388607   0.9999999
    16 | 7FFFFF   8388607   0.9999999
    17 | 7FFFFF   8388607   0.9999999
    18 | 7FFFFF   8388607   0.9999999
    19 | 7FFFFF   8388607   0.9999999
    20 | 7FFFFF   8388607   0.9999999
    21 | 7FFFFF   8388607   0.9999999
    22 | 7FFFFF   8388607   0.9999999
    23 | 7FFFFF   8388607   0.9999999
    24 | 7FFFFF   8388607   0.9999999
    25 | 7FFFFF   8388607   0.9999999
    26 | 7FFFFF   8388607   0.9999999
    27 | 7FFFFE   8388606   0.9999998
    28 | 7FFFFE   8388606   0.9999998
    29 | 7FFFFE   8388606   0.9999998
    30 | 7FFFFE   8388606   0.9999998
    31 | 7FFFFE   8388606   0.9999998
    32 | 7FFFFE   8388606   0.9999998
    33 | 7FFFFE   8388606   0.9999998
    34 | 7FFFFE   8388606   0.9999998
    35 | 7FFFFE   8388606   0.9999998
    36 | 7FFFFE   8388606   0.9999998
    37 | 7FFFFE   8388606   0.9999998
    38 | 7FFFFE   8388606   0.9999998
    39 | 7FFFFE   8388606   0.9999998
    40 | 7FFFFE   8388606   0.9999998
    41 | 7FFFFE   8388606   0.9999998
    42 | 7FFFFE   8388606   0.9999998
    43 | 7FFFFE   8388606   0.9999998
    44 | 7FFFFE   8388606   0.9999998
    45 | 7FFFFE   8388606   0.9999998
    46 | 7FFFFE   8388606   0.9999998
    47 | 7FFFFE   8388606   0.9999998
    48 | 7FFFFE   8388606   0.9999998
    49 | 7FFFFE   8388606   0.9999998
    50 | 7FFFFE   8388606   0.9999998
    51 | 7FFFFE   8388606   0.9999998
    52 | 7FFFFE   8388606   0.9999998
    53 | 7FFFFE   8388606   0.9999998
    54 | 7FFFFE   8388606   0.9999998
    55 | 7FFFFE   8388606   0.9999998
    56 | 7FFFFE   8388606   0.9999998
    57 | 7FFFFE   8388606   0.9999998
    58 | 7FFFFE   8388606   0.9999998
    59 | 7FFFFE   8388606   0.9999998
    60 | 7FFFFE   8388606   0.9999998
    61 | 7FFFFE   8388606   0.9999998
    62 | 7FFFFE   8388606   0.9999998
    63 | 7FFFFE   8388606   0.9999998
    64 | 7FFFFE   8388606   0.9999998
    65 | 7FFFFE   8388606   0.9999998
    66 | 7FFFFE   8388606   0.9999998
    67 | 7FFFFE   8388606   0.9999998
    68 | 7FFFFE   8388606   0.9999998
    69 | 7FFFFE   8388606   0.9999998
    70 | 7FFFFE   8388606   0.9999998
    71 | 7FFFFE   8388606   0.9999998
    72 | 7FFFFE   8388606   0.9999998
    73 | 7FFFFE   8388606   0.9999998
    74 | 7FFFFD   8388605   0.9999996
    75 | 7FFFFD   8388605   0.9999996
    76 | 7FFFFD   8388605   0.9999996
    77 | 7FFFFD   8388605   0.9999996
    78 | 7FFFFD   8388605   0.9999996
    79 | 7FFFFD   8388605   0.9999996
    80 | 7FFFFD   8388605   0.9999996
    81 | 7FFFFD   8388605   0.9999996
    82 | 7FFFFD   8388605   0.9999996
    83 | 7FFFFD   8388605   0.9999996
    84 | 7FFFFD   8388605   0.9999996
    85 | 7FFFFD   8388605   0.9999996
    86 | 7FFFFD   8388605   0.9999996
    87 | 7FFFFD   8388605   0.9999996
    88 | 7FFFFD   8388605   0.9999996
    89 | 7FFFFD   8388605   0.9999996
    90 | 7FFFFD   8388605   0.9999996
    91 | 7FFFFD   8388605   0.9999996
    92 | 7FFFFD   8388605   0.9999996
    93 | 7FFFFD   8388605   0.9999996
    94 | 7FFFFD   8388605   0.9999996
    95 | 7FFFFD   8388605   0.9999996
    96 | 7FFFFD   8388605   0.9999996
    97 | 7FFFFD   8388605   0.9999996
    98 | 7FFFFD   8388605   0.9999996
    99 | 7FFFFD   8388605   0.9999996
   100 | 7FFFFD   8388605   0.9999996
   101 | 7FFFFD   8388605   0.9999996
   102 | 7FFFFD   8388605   0.9999996
   103 | 7FFFFD   8388605   0.9999996
   104 | 7FFFFD   8388605   0.9999996
   105 | 7FFFFC   8388604   0.9999995
   106 | 7FFFFC   8388604   0.9999995
   107 | 7FFFFC   8388604   0.9999995
   108 | 7FFFFC   8388604   0.9999995
   109 | 7FFFFC   8388604   0.9999995
   110 | 7FFFFC   8388604   0.9999995
   111 | 7FFFFC   8388604   0.9999995
   112 | 7FFFFC   8388604   0.9999995
   113 | 7FFFFC   8388604   0.9999995
   114 | 7FFFFC   8388604   0.9999995
   115 | 7FFFFC   8388604   0.9999995
   116 | 7FFFFC   8388604   0.9999995
   117 | 7FFFFC   8388604   0.9999995
   118 | 7FFFFC   8388604   0.9999995
   119 | 7FFFFC   8388604   0.9999995
   120 | 7FFFFC   8388604   0.9999995
   121 | 7FFFFC   8388604   0.9999995
   122 | 7FFFFC   8388604   0.9999995
   123 | 7FFFFC   8388604   0.9999995
   124 | 7FFFFC   8388604   0.9999995
   125 | 7FFFFC   8388604   0.9999995
   126 | 7FFFFC   8388604   0.9999995
   127 | 7FFFFC   8388604   0.9999995
