# P:$143C06  kernel_tbl_143C06  (911 words)
# kernel tbl: P:$0660/068C region (gain/env), DSP2 loader ref P:$1114C3
#  idx | hex     signed24   fraction(24-bit)
     0 | 00017C       380   0.0000453
     1 | 00018B       395   0.0000471
     2 | 00019B       411   0.0000490
     3 | 0001AB       427   0.0000509
     4 | 0001BC       444   0.0000529
     5 | 0001CE       462   0.0000551
     6 | 0001E0       480   0.0000572
     7 | 0001F3       499   0.0000595
     8 | 000207       519   0.0000619
     9 | 00021B       539   0.0000643
    10 | 000231       561   0.0000669
    11 | 000247       583   0.0000695
    12 | 00025E       606   0.0000722
    13 | 000276       630   0.0000751
    14 | 00028F       655   0.0000781
    15 | 0002A9       681   0.0000812
    16 | 0002C4       708   0.0000844
    17 | 0002E0       736   0.0000877
    18 | 0002FD       765   0.0000912
    19 | 00031B       795   0.0000948
    20 | 00033B       827   0.0000986
    21 | 00035C       860   0.0001025
    22 | 00037E       894   0.0001066
    23 | 0003A1       929   0.0001107
    24 | 0003C6       966   0.0001152
    25 | 0003EC      1004   0.0001197
    26 | 000414      1044   0.0001245
    27 | 00043D      1085   0.0001293
    28 | 000468      1128   0.0001345
    29 | 000495      1173   0.0001398
    30 | 0004C3      1219   0.0001453
    31 | 0004F4      1268   0.0001512
    32 | 000526      1318   0.0001571
    33 | 00055A      1370   0.0001633
    34 | 000590      1424   0.0001698
    35 | 0005C9      1481   0.0001765
    36 | 000604      1540   0.0001836
    37 | 000641      1601   0.0001909
    38 | 000680      1664   0.0001984
    39 | 0006C2      1730   0.0002062
    40 | 000706      1798   0.0002143
    41 | 00074E      1870   0.0002229
    42 | 000798      1944   0.0002317
    43 | 0007E5      2021   0.0002409
    44 | 000835      2101   0.0002505
    45 | 000888      2184   0.0002604
    46 | 0008DE      2270   0.0002706
    47 | 000938      2360   0.0002813
    48 | 000996      2454   0.0002925
    49 | 0009F7      2551   0.0003041
    50 | 000A5C      2652   0.0003161
    51 | 000AC5      2757   0.0003287
    52 | 000B32      2866   0.0003417
    53 | 000BA4      2980   0.0003552
    54 | 000C1A      3098   0.0003693
    55 | 000C95      3221   0.0003840
    56 | 000D14      3348   0.0003991
    57 | 000D99      3481   0.0004150
    58 | 000E23      3619   0.0004314
    59 | 000EB2      3762   0.0004485
    60 | 000F47      3911   0.0004662
    61 | 000FE2      4066   0.0004847
    62 | 001083      4227   0.0005039
    63 | 00112B      4395   0.0005239
    64 | 0011D9      4569   0.0005447
    65 | 00128E      4750   0.0005662
    66 | 00134A      4938   0.0005887
    67 | 00140E      5134   0.0006120
    68 | 0014D9      5337   0.0006362
    69 | 0015AC      5548   0.0006614
    70 | 001688      5768   0.0006876
    71 | 00176D      5997   0.0007149
    72 | 00185A      6234   0.0007432
    73 | 001951      6481   0.0007726
    74 | 001A52      6738   0.0008032
    75 | 001B5D      7005   0.0008351
    76 | 001C72      7282   0.0008681
    77 | 001D93      7571   0.0009025
    78 | 001EBF      7871   0.0009383
    79 | 001FF6      8182   0.0009754
    80 | 00213A      8506   0.0010140
    81 | 00228B      8843   0.0010542
    82 | 0023EA      9194   0.0010960
    83 | 002556      9558   0.0011394
    84 | 0026D1      9937   0.0011846
    85 | 00285A     10330   0.0012314
    86 | 0029F3     10739   0.0012802
    87 | 002B9D     11165   0.0013310
    88 | 002D57     11607   0.0013837
    89 | 002F23     12067   0.0014385
    90 | 003101     12545   0.0014955
    91 | 0032F2     13042   0.0015547
    92 | 0034F6     13558   0.0016162
    93 | 003710     14096   0.0016804
    94 | 00393E     14654   0.0017469
    95 | 003B82     15234   0.0018160
    96 | 003DDE     15838   0.0018880
    97 | 004051     16465   0.0019628
    98 | 0042DD     17117   0.0020405
    99 | 004584     17796   0.0021214
   100 | 004845     18501   0.0022055
   101 | 004B21     19233   0.0022928
   102 | 004E1B     19995   0.0023836
   103 | 005133     20787   0.0024780
   104 | 00546B     21611   0.0025762
   105 | 0057C3     22467   0.0026783
   106 | 005B3D     23357   0.0027844
   107 | 005EDA     24282   0.0028946
   108 | 00629C     25244   0.0030093
   109 | 006684     26244   0.0031285
   110 | 006A94     27284   0.0032525
   111 | 006ECC     28364   0.0033813
   112 | 007330     29488   0.0035152
   113 | 0077C0     30656   0.0036545
   114 | 007C7E     31870   0.0037992
   115 | 00816D     33133   0.0039498
   116 | 00868D     34445   0.0041062
   117 | 008BE2     35810   0.0042689
   118 | 00916C     37228   0.0044379
   119 | 00972F     38703   0.0046138
   120 | 009D2C     40236   0.0047965
   121 | 00A366     41830   0.0049865
   122 | 00A9DF     43487   0.0051841
   123 | 00B09A     45210   0.0053895
   124 | 00B799     47001   0.0056030
   125 | 00BEDF     48863   0.0058249
   126 | 00C66E     50798   0.0060556
   127 | 00CE4A     52810   0.0062954
   128 | 00D676     54902   0.0065448
   129 | 00DEF5     57077   0.0068041
   130 | 00E7CA     59338   0.0070736
   131 | 00F0F9     61689   0.0073539
   132 | 00FA84     64132   0.0076451
   133 | 010471     66673   0.0079480
   134 | 010EC2     69314   0.0082629
   135 | 01197C     72060   0.0085902
   136 | 0124A2     74914   0.0089304
   137 | 01303A     77882   0.0092843
   138 | 013C47     80967   0.0096520
   139 | 0148CE     84174   0.0100343
   140 | 0155D5     87509   0.0104319
   141 | 01635F     90975   0.0108451
   142 | 017173     94579   0.0112747
   143 | 018016     98326   0.0117214
   144 | 018F4D    102221   0.0121857
   145 | 019F1E    106270   0.0126684
   146 | 01AF90    110480   0.0131702
   147 | 01C0A8    114856   0.0136919
   148 | 01D26E    119406   0.0142343
   149 | 01E4E8    124136   0.0147982
   150 | 01F81D    129053   0.0153843
   151 | 020C15    134165   0.0159937
   152 | 0220D8    139480   0.0166273
   153 | 02366D    145005   0.0172859
   154 | 024CDD    150749   0.0179707
   155 | 026431    156721   0.0186826
   156 | 027C71    162929   0.0194227
   157 | 0295A7    169383   0.0201920
   158 | 02AFDD    176093   0.0209919
   159 | 02CB1D    183069   0.0218235
   160 | 02E771    190321   0.0226880
   161 | 0304E4    197860   0.0235868
   162 | 032382    205698   0.0245211
   163 | 034356    213846   0.0254924
   164 | 03646D    222317   0.0265023
   165 | 0386D4    231124   0.0275521
   166 | 03AA97    240279   0.0286435
   167 | 03CFC5    249797   0.0297781
   168 | 03F66C    259692   0.0309577
   169 | 041E9C    269980   0.0321841
   170 | 044862    280674   0.0334589
   171 | 0473D1    291793   0.0347844
   172 | 04A0F7    303351   0.0361623
   173 | 04CFE8    315368   0.0375948
   174 | 0500B5    327861   0.0390841
   175 | 053370    340848   0.0406322
   176 | 05682E    354350   0.0422418
   177 | 059F03    368387   0.0439152
   178 | 05D804    382980   0.0456548
   179 | 061347    398151   0.0474633
   180 | 0650E3    413923   0.0493435
   181 | 0690F0    430320   0.0512981
   182 | 06D386    447366   0.0533302
   183 | 0718C0    465088   0.0554428
   184 | 0760B7    483511   0.0576390
   185 | 07AB88    502664   0.0599222
   186 | 07F951    522577   0.0622960
   187 | 084A2D    543277   0.0647637
   188 | 089E3E    564798   0.0673292
   189 | 08F5A4    587172   0.0699964
   190 | 09507F    610431   0.0727690
   191 | 09AEF4    634612   0.0756516
   192 | 0A1127    659751   0.0786484
   193 | 0A773E    685886   0.0817640
   194 | 0AE160    713056   0.0850029
   195 | 0B4FB6    741302   0.0883701
   196 | 0BC26B    770667   0.0918707
   197 | 0C39AC    801196   0.0955100
   198 | 0CB5A5    832933   0.0992934
   199 | 0D3688    865928   0.1032267
   200 | 0DBC86    900230   0.1073158
   201 | 0E47D3    935891   0.1115669
   202 | 0ED8A5    972965   0.1159865
   203 | 0F6F33   1011507   0.1205810
   204 | 100BB8   1051576   0.1253576
   205 | 10AE70   1093232   0.1303234
   206 | 11579A   1136538   0.1354859
   207 | 120778   1181560   0.1408529
   208 | 12BE4D   1228365   0.1464325
   209 | 137C60   1277024   0.1522331
   210 | 1441FB   1327611   0.1582636
   211 | 150F69   1380201   0.1645328
   212 | 15E4FB   1434875   0.1710504
   213 | 16C303   1491715   0.1778263
   214 | 17A9D6   1550806   0.1848705
   215 | 1899CE   1612238   0.1921937
   216 | 199348   1676104   0.1998072
   217 | 1A96A3   1742499   0.2077221
   218 | 1BA445   1811525   0.2159506
   219 | 1CBC95   1883285   0.2245051
   220 | 1DDFFF   1957887   0.2333983
   221 | 1F0EF5   2035445   0.2426440
   222 | 2049EB   2116075   0.2522558
   223 | 21915B   2199899   0.2622484
   224 | 22E5C4   2287044   0.2726369
   225 | 2447A9   2377641   0.2834369
   226 | 25B792   2471826   0.2946646
   227 | 27360E   2569742   0.3063371
   228 | 28C3B2   2671538   0.3184721
   229 | 2A6115   2777365   0.3310877
   230 | 2C0ED9   2887385   0.3442031
   231 | 2DCDA3   3001763   0.3578380
   232 | 2F9E20   3120672   0.3720131
   233 | 318103   3244291   0.3867496
   234 | 337707   3372807   0.4020699
   235 | 3580EE   3506414   0.4179971
   236 | 379F82   3645314   0.4345553
   237 | 39D394   3789716   0.4517694
   238 | 3C1DFD   3939837   0.4696652
   239 | 3E7FA2   4095906   0.4882700
   240 | 40F96D   4258157   0.5076119
   241 | 438C54   4426836   0.5277200
   242 | 463954   4602196   0.5486245
   243 | 490177   4784503   0.5703572
   244 | 4BE5CF   4974031   0.5929507
   245 | 4EE77C   5171068   0.6164393
   246 | 5207A5   5375909   0.6408583
   247 | 554781   5588865   0.6662446
   248 | 58A851   5810257   0.6926366
   249 | 5C2B62   6040418   0.7200739
   250 | 5FD211   6279697   0.7485982
   251 | 639DC7   6528455   0.7782525
   252 | 678FFB   6787067   0.8090814
   253 | 6BAA33   7055923   0.8411316
   254 | 6FEE05   7335429   0.8744513
   255 | 745D17   7626007   0.9090909
   256 | 0012B0      4784   0.0005703
   257 | 001355      4949   0.0005900
   258 | 001400      5120   0.0006104
   259 | 0014B1      5297   0.0006315
   260 | 001568      5480   0.0006533
   261 | 001626      5670   0.0006759
   262 | 0016E9      5865   0.0006992
   263 | 0017B4      6068   0.0007234
   264 | 001886      6278   0.0007484
   265 | 00195F      6495   0.0007743
   266 | 001A3F      6719   0.0008010
   267 | 001B27      6951   0.0008286
   268 | 001C17      7191   0.0008572
   269 | 001D10      7440   0.0008869
   270 | 001E11      7697   0.0009176
   271 | 001F1B      7963   0.0009493
   272 | 00202E      8238   0.0009820
   273 | 00214A      8522   0.0010159
   274 | 002271      8817   0.0010511
   275 | 0023A1      9121   0.0010873
   276 | 0024DC      9436   0.0011249
   277 | 002622      9762   0.0011637
   278 | 002773     10099   0.0012039
   279 | 0028D0     10448   0.0012455
   280 | 002A39     10809   0.0012885
   281 | 002BAE     11182   0.0013330
   282 | 002D31     11569   0.0013791
   283 | 002EC0     11968   0.0014267
   284 | 00305E     12382   0.0014760
   285 | 003209     12809   0.0015270
   286 | 0033C3     13251   0.0015796
   287 | 00358D     13709   0.0016342
   288 | 003767     14183   0.0016907
   289 | 003950     14672   0.0017490
   290 | 003B4B     15179   0.0018095
   291 | 003D57     15703   0.0018719
   292 | 003F75     16245   0.0019366
   293 | 0041A6     16806   0.0020034
   294 | 0043EA     17386   0.0020726
   295 | 004643     17987   0.0021442
   296 | 0048B0     18608   0.0022182
   297 | 004B32     19250   0.0022948
   298 | 004DCA     19914   0.0023739
   299 | 00507A     20602   0.0024559
   300 | 005341     21313   0.0025407
   301 | 005621     22049   0.0026284
   302 | 00591A     22810   0.0027192
   303 | 005C2D     23597   0.0028130
   304 | 005F5B     24411   0.0029100
   305 | 0062A6     25254   0.0030105
   306 | 00660D     26125   0.0031143
   307 | 006993     27027   0.0032219
   308 | 006D37     27959   0.0033330
   309 | 0070FC     28924   0.0034480
   310 | 0074E2     29922   0.0035670
   311 | 0078EA     30954   0.0036900
   312 | 007D16     32022   0.0038173
   313 | 008166     33126   0.0039489
   314 | 0085DD     34269   0.0040852
   315 | 008A7B     35451   0.0042261
   316 | 008F41     36673   0.0043718
   317 | 009432     37938   0.0045226
   318 | 00994E     39246   0.0046785
   319 | 009E97     40599   0.0048398
   320 | 00A40F     41999   0.0050067
   321 | 00A9B6     43446   0.0051792
   322 | 00AF90     44944   0.0053577
   323 | 00B59D     46493   0.0055424
   324 | 00BBDF     48095   0.0057334
   325 | 00C259     49753   0.0059310
   326 | 00C90B     51467   0.0061353
   327 | 00CFF8     53240   0.0063467
   328 | 00D722     55074   0.0065653
   329 | 00DE8B     56971   0.0067915
   330 | 00E635     58933   0.0070254
   331 | 00EE22     60962   0.0072672
   332 | 00F655     63061   0.0075175
   333 | 00FED0     65232   0.0077763
   334 | 010796     67478   0.0080440
   335 | 0110A8     69800   0.0083208
   336 | 011A0A     72202   0.0086071
   337 | 0123BF     74687   0.0089034
   338 | 012DC8     77256   0.0092096
   339 | 013829     79913   0.0095264
   340 | 0142E6     82662   0.0098541
   341 | 014E00     85504   0.0101929
   342 | 01597B     88443   0.0105432
   343 | 01655B     91483   0.0109056
   344 | 0171A3     94627   0.0112804
   345 | 017E57     97879   0.0116681
   346 | 018B79    101241   0.0120689
   347 | 01990E    104718   0.0124834
   348 | 01A71A    108314   0.0129120
   349 | 01B5A0    112032   0.0133553
   350 | 01C4A5    115877   0.0138136
   351 | 01D42E    119854   0.0142877
   352 | 01E43D    123965   0.0147778
   353 | 01F4D9    128217   0.0152847
   354 | 020605    132613   0.0158087
   355 | 0217C7    137159   0.0163506
   356 | 022A23    141859   0.0169109
   357 | 023D1E    146718   0.0174901
   358 | 0250BF    151743   0.0180892
   359 | 02650A    156938   0.0187085
   360 | 027A05    162309   0.0193487
   361 | 028FB7    167863   0.0200108
   362 | 02A624    173604   0.0206952
   363 | 02BD53    179539   0.0214027
   364 | 02D54B    185675   0.0221342
   365 | 02EE12    192018   0.0228903
   366 | 0307B0    198576   0.0236721
   367 | 03222A    205354   0.0244801
   368 | 033D89    212361   0.0253154
   369 | 0359D3    219603   0.0261787
   370 | 037712    227090   0.0270712
   371 | 03954B    234827   0.0279936
   372 | 03B489    242825   0.0289470
   373 | 03D4D2    251090   0.0299323
   374 | 03F631    259633   0.0309507
   375 | 0418AD    268461   0.0320030
   376 | 043C50    277584   0.0330906
   377 | 046124    287012   0.0342145
   378 | 048732    296754   0.0353758
   379 | 04AE85    306821   0.0365759
   380 | 04D726    317222   0.0378158
   381 | 050120    327968   0.0390968
   382 | 052C7F    339071   0.0404204
   383 | 05594E    350542   0.0417879
   384 | 058798    362392   0.0432005
   385 | 05B769    374633   0.0446597
   386 | 05E8CD    387277   0.0461670
   387 | 061BD1    400337   0.0477239
   388 | 065083    413827   0.0493320
   389 | 0686EE    427758   0.0509927
   390 | 06BF22    442146   0.0527079
   391 | 06F92B    457003   0.0544790
   392 | 073519    472345   0.0563079
   393 | 0772FA    488186   0.0581963
   394 | 07B2DC    504540   0.0601459
   395 | 07F4D1    521425   0.0621587
   396 | 0838E7    538855   0.0642365
   397 | 087F2E    556846   0.0663812
   398 | 08C7B9    575417   0.0685951
   399 | 091296    594582   0.0708797
   400 | 095FD9    614361   0.0732375
   401 | 09AF92    634770   0.0756705
   402 | 0A01D4    655828   0.0781808
   403 | 0A56B2    677554   0.0807707
   404 | 0AAE3E    699966   0.0834424
   405 | 0B088D    723085   0.0861984
   406 | 0B65B1    746929   0.0890409
   407 | 0BC5C0    771520   0.0919724
   408 | 0C28CD    796877   0.0949951
   409 | 0C8EED    823021   0.0981117
   410 | 0CF837    849975   0.1013249
   411 | 0D64BF    877759   0.1046370
   412 | 0DD49B    906395   0.1080507
   413 | 0E47E2    935906   0.1115687
   414 | 0EBEAB    966315   0.1151937
   415 | 0F390C    997644   0.1189284
   416 | 0FB71D   1029917   0.1227757
   417 | 1038F5   1063157   0.1267382
   418 | 10BEAB   1097387   0.1308187
   419 | 114859   1132633   0.1350204
   420 | 11D615   1168917   0.1393458
   421 | 1267F8   1206264   0.1437979
   422 | 12FE1B   1244699   0.1483797
   423 | 139896   1284246   0.1530941
   424 | 143781   1324929   0.1579438
   425 | 14DAF5   1366773   0.1629320
   426 | 15830A   1409802   0.1680615
   427 | 162FD9   1454041   0.1733352
   428 | 16E17A   1499514   0.1787560
   429 | 179805   1546245   0.1843268
   430 | 185391   1594257   0.1900502
   431 | 191436   1643574   0.1959293
   432 | 19DA0B   1694219   0.2019666
   433 | 1AA526   1746214   0.2081649
   434 | 1B759D   1799581   0.2145268
   435 | 1C4B85   1854341   0.2210547
   436 | 1D26F3   1910515   0.2277511
   437 | 1E07FA   1968122   0.2346184
   438 | 1EEEAE   2027182   0.2416589
   439 | 1FDB1E   2087710   0.2488744
   440 | 20CD5D   2149725   0.2562672
   441 | 21C578   2213240   0.2638388
   442 | 22C37F   2278271   0.2715911
   443 | 23C77C   2344828   0.2795253
   444 | 24D17B   2412923   0.2876428
   445 | 25E184   2482564   0.2959447
   446 | 26F79D   2553757   0.3044316
   447 | 2813CD   2626509   0.3131043
   448 | 293614   2700820   0.3219628
   449 | 2A5E73   2776691   0.3310074
   450 | 2B8CE7   2854119   0.3402375
   451 | 2CC16B   2933099   0.3496526
   452 | 2DFBF7   3013623   0.3592519
   453 | 2F3C7F   3095679   0.3690337
   454 | 3082F5   3179253   0.3789965
   455 | 31CF47   3264327   0.3891381
   456 | 33215F   3350879   0.3994559
   457 | 347924   3438884   0.4099469
   458 | 35D67A   3528314   0.4206078
   459 | 37393E   3619134   0.4314344
   460 | 38A14B   3711307   0.4424223
   461 | 3A0E77   3804791   0.4535664
   462 | 3B8095   3899541   0.4648615
   463 | 3CF770   3995504   0.4763012
   464 | 3E72D2   4092626   0.4878790
   465 | 3FF27D   4190845   0.4995877
   466 | 417631   4290097   0.5114194
   467 | 42FDA5   4390309   0.5233656
   468 | 44888F   4491407   0.5354174
   469 | 46169D   4593309   0.5475651
   470 | 47A77A   4695930   0.5597985
   471 | 493ACA   4799178   0.5721066
   472 | 4AD02E   4902958   0.5844781
   473 | 4C673F   5007167   0.5969008
   474 | 4DFF95   5111701   0.6093622
   475 | 4F98BF   5216447   0.6218489
   476 | 51324B   5321291   0.6343473
   477 | 52CBC1   5426113   0.6468431
   478 | 5464A6   5530790   0.6593215
   479 | 55FC79   5635193   0.6717674
   480 | 5792B8   5739192   0.6841650
   481 | 5926DE   5842654   0.6964986
   482 | 5AB860   5945440   0.7087517
   483 | 5C46B6   6047414   0.7209079
   484 | 5DD154   6148436   0.7329507
   485 | 5F57AB   6248363   0.7448629
   486 | 60D92F   6347055   0.7566279
   487 | 625553   6444371   0.7682289
   488 | 63CB8C   6540172   0.7796493
   489 | 653B4E   6634318   0.7908723
   490 | 66A412   6726674   0.8018820
   491 | 680554   6817108   0.8126626
   492 | 695E94   6905492   0.8231988
   493 | 6AAF57   6991703   0.8334759
   494 | 6BF727   7075623   0.8434800
   495 | 6D3595   7157141   0.8531977
   496 | 6E6A39   7236153   0.8626167
   497 | 6F94B6   7312566   0.8717258
   498 | 70B4B3   7386291   0.8805145
   499 | 71C9E4   7457252   0.8889737
   500 | 72D407   7525383   0.8970956
   501 | 73D2E4   7590628   0.9048734
   502 | 74C64E   7652942   0.9123018
   503 | 75AE26   7712294   0.9193771
   504 | 768A56   7768662   0.9260967
   505 | 775AD6   7822038   0.9324596
   506 | 781FAC   7872428   0.9384665
   507 | 78D8E8   7919848   0.9441195
   508 | 7986A7   7964327   0.9494218
   509 | 7A2912   8005906   0.9543784
   510 | 7AC05F   8044639   0.9589957
   511 | 7B4CCE   8080590   0.9632814
   512 | 000458      1112   0.0001326
   513 | 00045E      1118   0.0001333
   514 | 000464      1124   0.0001340
   515 | 00046A      1130   0.0001347
   516 | 000470      1136   0.0001354
   517 | 000476      1142   0.0001361
   518 | 00047C      1148   0.0001369
   519 | 000483      1155   0.0001377
   520 | 000489      1161   0.0001384
   521 | 00048F      1167   0.0001391
   522 | 000495      1173   0.0001398
   523 | 00049C      1180   0.0001407
   524 | 0004A2      1186   0.0001414
   525 | 0004A9      1193   0.0001422
   526 | 0004AF      1199   0.0001429
   527 | 0004B6      1206   0.0001438
   528 | 0004BC      1212   0.0001445
   529 | 0004C3      1219   0.0001453
   530 | 0004C9      1225   0.0001460
   531 | 0004D0      1232   0.0001469
   532 | 0004D7      1239   0.0001477
   533 | 0004DD      1245   0.0001484
   534 | 0004E4      1252   0.0001493
   535 | 0004EB      1259   0.0001501
   536 | 0004F2      1266   0.0001509
   537 | 0004F9      1273   0.0001518
   538 | 000500      1280   0.0001526
   539 | 000507      1287   0.0001534
   540 | 00050E      1294   0.0001543
   541 | 000515      1301   0.0001551
   542 | 00051C      1308   0.0001559
   543 | 000523      1315   0.0001568
   544 | 00052A      1322   0.0001576
   545 | 000531      1329   0.0001584
   546 | 000538      1336   0.0001593
   547 | 000540      1344   0.0001602
   548 | 000547      1351   0.0001611
   549 | 00054E      1358   0.0001619
   550 | 000556      1366   0.0001628
   551 | 00055D      1373   0.0001637
   552 | 000564      1380   0.0001645
   553 | 00056C      1388   0.0001655
   554 | 000573      1395   0.0001663
   555 | 00057B      1403   0.0001673
   556 | 000583      1411   0.0001682
   557 | 00058A      1418   0.0001690
   558 | 000592      1426   0.0001700
   559 | 00059A      1434   0.0001709
   560 | 0005A2      1442   0.0001719
   561 | 0005A9      1449   0.0001727
   562 | 0005B1      1457   0.0001737
   563 | 0005B9      1465   0.0001746
   564 | 0005C1      1473   0.0001756
   565 | 0005C9      1481   0.0001765
   566 | 0005D1      1489   0.0001775
   567 | 0005D9      1497   0.0001785
   568 | 0005E1      1505   0.0001794
   569 | 0005EA      1514   0.0001805
   570 | 0005F2      1522   0.0001814
   571 | 0005FA      1530   0.0001824
   572 | 000602      1538   0.0001833
   573 | 00060B      1547   0.0001844
   574 | 000613      1555   0.0001854
   575 | 00061C      1564   0.0001864
   576 | 000624      1572   0.0001874
   577 | 00062D      1581   0.0001885
   578 | 000635      1589   0.0001894
   579 | 00063E      1598   0.0001905
   580 | 000646      1606   0.0001915
   581 | 00064F      1615   0.0001925
   582 | 000658      1624   0.0001936
   583 | 000661      1633   0.0001947
   584 | 00066A      1642   0.0001957
   585 | 000673      1651   0.0001968
   586 | 00067C      1660   0.0001979
   587 | 000685      1669   0.0001990
   588 | 00068E      1678   0.0002000
   589 | 000697      1687   0.0002011
   590 | 0006A0      1696   0.0002022
   591 | 0006A9      1705   0.0002033
   592 | 0006B2      1714   0.0002043
   593 | 0006BC      1724   0.0002055
   594 | 0006C5      1733   0.0002066
   595 | 0006CE      1742   0.0002077
   596 | 0006D8      1752   0.0002089
   597 | 0006E1      1761   0.0002099
   598 | 0006EB      1771   0.0002111
   599 | 0006F5      1781   0.0002123
   600 | 0006FE      1790   0.0002134
   601 | 000708      1800   0.0002146
   602 | 000712      1810   0.0002158
   603 | 00071C      1820   0.0002170
   604 | 000725      1829   0.0002180
   605 | 00072F      1839   0.0002192
   606 | 000739      1849   0.0002204
   607 | 000743      1859   0.0002216
   608 | 00074D      1869   0.0002228
   609 | 000758      1880   0.0002241
   610 | 000762      1890   0.0002253
   611 | 00076C      1900   0.0002265
   612 | 000776      1910   0.0002277
   613 | 000781      1921   0.0002290
   614 | 00078B      1931   0.0002302
   615 | 000796      1942   0.0002315
   616 | 0007A0      1952   0.0002327
   617 | 0007AB      1963   0.0002340
   618 | 0007B6      1974   0.0002353
   619 | 0007C0      1984   0.0002365
   620 | 0007CB      1995   0.0002378
   621 | 0007D6      2006   0.0002391
   622 | 0007E1      2017   0.0002404
   623 | 0007EC      2028   0.0002418
   624 | 0007F7      2039   0.0002431
   625 | 000802      2050   0.0002444
   626 | 00080D      2061   0.0002457
   627 | 000818      2072   0.0002470
   628 | 000823      2083   0.0002483
   629 | 00082F      2095   0.0002497
   630 | 00083A      2106   0.0002511
   631 | 000845      2117   0.0002524
   632 | 000851      2129   0.0002538
   633 | 00085D      2141   0.0002552
   634 | 000868      2152   0.0002565
   635 | 000874      2164   0.0002580
   636 | 000880      2176   0.0002594
   637 | 00088B      2187   0.0002607
   638 | 000897      2199   0.0002621
   639 | 0008A3      2211   0.0002636
   640 | 0008AF      2223   0.0002650
   641 | 0008BB      2235   0.0002664
   642 | 0008C7      2247   0.0002679
   643 | 0008D4      2260   0.0002694
   644 | 0008E0      2272   0.0002708
   645 | 0008EC      2284   0.0002723
   646 | 0008F9      2297   0.0002738
   647 | 000905      2309   0.0002753
   648 | 000912      2322   0.0002768
   649 | 00091E      2334   0.0002782
   650 | 00092B      2347   0.0002798
   651 | 000938      2360   0.0002813
   652 | 000944      2372   0.0002828
   653 | 000951      2385   0.0002843
   654 | 00095E      2398   0.0002859
   655 | 00096B      2411   0.0002874
   656 | 000978      2424   0.0002890
   657 | 000986      2438   0.0002906
   658 | 000993      2451   0.0002922
   659 | 0009A0      2464   0.0002937
   660 | 0009AE      2478   0.0002954
   661 | 0009BB      2491   0.0002970
   662 | 0009C8      2504   0.0002985
   663 | 0009D6      2518   0.0003002
   664 | 0009E4      2532   0.0003018
   665 | 0009F1      2545   0.0003034
   666 | 0009FF      2559   0.0003051
   667 | 000A0D      2573   0.0003067
   668 | 000A1B      2587   0.0003084
   669 | 000A29      2601   0.0003101
   670 | 000A37      2615   0.0003117
   671 | 000A46      2630   0.0003135
   672 | 000A54      2644   0.0003152
   673 | 000A62      2658   0.0003169
   674 | 000A71      2673   0.0003186
   675 | 000A7F      2687   0.0003203
   676 | 000A8E      2702   0.0003221
   677 | 000A9C      2716   0.0003238
   678 | 000AAB      2731   0.0003256
   679 | 000ABA      2746   0.0003273
   680 | 000AC9      2761   0.0003291
   681 | 000AD8      2776   0.0003309
   682 | 000AE7      2791   0.0003327
   683 | 000AF6      2806   0.0003345
   684 | 000B05      2821   0.0003363
   685 | 000B15      2837   0.0003382
   686 | 000B24      2852   0.0003400
   687 | 000B34      2868   0.0003419
   688 | 000B43      2883   0.0003437
   689 | 000B53      2899   0.0003456
   690 | 000B63      2915   0.0003475
   691 | 000B72      2930   0.0003493
   692 | 000B82      2946   0.0003512
   693 | 000B92      2962   0.0003531
   694 | 000BA2      2978   0.0003550
   695 | 000BB3      2995   0.0003570
   696 | 000BC3      3011   0.0003589
   697 | 000BD3      3027   0.0003608
   698 | 000BE4      3044   0.0003629
   699 | 000BF4      3060   0.0003648
   700 | 000C05      3077   0.0003668
   701 | 000C15      3093   0.0003687
   702 | 000C26      3110   0.0003707
   703 | 000C37      3127   0.0003728
   704 | 000C48      3144   0.0003748
   705 | 000C59      3161   0.0003768
   706 | 000C6A      3178   0.0003788
   707 | 000C7C      3196   0.0003810
   708 | 000C8D      3213   0.0003830
   709 | 000C9E      3230   0.0003850
   710 | 000CB0      3248   0.0003872
   711 | 000CC2      3266   0.0003893
   712 | 000CD3      3283   0.0003914
   713 | 000CE5      3301   0.0003935
   714 | 000CF7      3319   0.0003957
   715 | 000D09      3337   0.0003978
   716 | 000D1B      3355   0.0003999
   717 | 000D2D      3373   0.0004021
   718 | 000D40      3392   0.0004044
   719 | 000D52      3410   0.0004065
   720 | 000D65      3429   0.0004088
   721 | 000D77      3447   0.0004109
   722 | 000D8A      3466   0.0004132
   723 | 000D9D      3485   0.0004154
   724 | 000DB0      3504   0.0004177
   725 | 000DC3      3523   0.0004200
   726 | 000DD6      3542   0.0004222
   727 | 000DE9      3561   0.0004245
   728 | 000DFC      3580   0.0004268
   729 | 000E10      3600   0.0004292
   730 | 000E23      3619   0.0004314
   731 | 000E37      3639   0.0004338
   732 | 000E4B      3659   0.0004362
   733 | 000E5F      3679   0.0004386
   734 | 000E73      3699   0.0004410
   735 | 000E87      3719   0.0004433
   736 | 000E9B      3739   0.0004457
   737 | 000EAF      3759   0.0004481
   738 | 000EC4      3780   0.0004506
   739 | 000ED8      3800   0.0004530
   740 | 000EED      3821   0.0004555
   741 | 000F02      3842   0.0004580
   742 | 000F16      3862   0.0004604
   743 | 000F2B      3883   0.0004629
   744 | 000F40      3904   0.0004654
   745 | 000F56      3926   0.0004680
   746 | 000F6B      3947   0.0004705
   747 | 000F80      3968   0.0004730
   748 | 000F96      3990   0.0004756
   749 | 000FAC      4012   0.0004783
   750 | 000FC1      4033   0.0004808
   751 | 000FD7      4055   0.0004834
   752 | 000FED      4077   0.0004860
   753 | 001004      4100   0.0004888
   754 | 00101A      4122   0.0004914
   755 | 001030      4144   0.0004940
   756 | 001047      4167   0.0004967
   757 | 00105D      4189   0.0004994
   758 | 001074      4212   0.0005021
   759 | 00108B      4235   0.0005049
   760 | 0010A2      4258   0.0005076
   761 | 0010B9      4281   0.0005103
   762 | 0010D0      4304   0.0005131
   763 | 0010E8      4328   0.0005159
   764 | 0010FF      4351   0.0005187
   765 | 001117      4375   0.0005215
   766 | 00112E      4398   0.0005243
   767 | 001146      4422   0.0005271
   768 | 00115E      4446   0.0005300
   769 | 001177      4471   0.0005330
   770 | 00118F      4495   0.0005358
   771 | 0011A7      4519   0.0005387
   772 | 0011C0      4544   0.0005417
   773 | 0011D8      4568   0.0005445
   774 | 0011F1      4593   0.0005475
   775 | 00120A      4618   0.0005505
   776 | 001223      4643   0.0005535
   777 | 00123C      4668   0.0005565
   778 | 001256      4694   0.0005596
   779 | 00126F      4719   0.0005625
   780 | 001289      4745   0.0005656
   781 | 0012A3      4771   0.0005687
   782 | 0012BD      4797   0.0005718
   783 | 0012D7      4823   0.0005749
   784 | 0012F1      4849   0.0005780
   785 | 00130B      4875   0.0005811
   786 | 001326      4902   0.0005844
   787 | 001340      4928   0.0005875
   788 | 00135B      4955   0.0005907
   789 | 001376      4982   0.0005939
   790 | 001391      5009   0.0005971
   791 | 0013AC      5036   0.0006003
   792 | 0013C8      5064   0.0006037
   793 | 0013E3      5091   0.0006069
   794 | 0013FF      5119   0.0006102
   795 | 00141A      5146   0.0006135
   796 | 001436      5174   0.0006168
   797 | 001452      5202   0.0006201
   798 | 00146F      5231   0.0006236
   799 | 00148B      5259   0.0006269
   800 | 0014A8      5288   0.0006304
   801 | 0014C4      5316   0.0006337
   802 | 0014E1      5345   0.0006372
   803 | 0014FE      5374   0.0006406
   804 | 00151B      5403   0.0006441
   805 | 001539      5433   0.0006477
   806 | 001556      5462   0.0006511
   807 | 001574      5492   0.0006547
   808 | 001592      5522   0.0006583
   809 | 0015B0      5552   0.0006618
   810 | 0015CE      5582   0.0006654
   811 | 0015EC      5612   0.0006690
   812 | 00160B      5643   0.0006727
   813 | 001629      5673   0.0006763
   814 | 001648      5704   0.0006800
   815 | 001667      5735   0.0006837
   816 | 001686      5766   0.0006874
   817 | 0016A6      5798   0.0006912
   818 | 0016C5      5829   0.0006949
   819 | 0016E5      5861   0.0006987
   820 | 001705      5893   0.0007025
   821 | 001725      5925   0.0007063
   822 | 001745      5957   0.0007101
   823 | 001765      5989   0.0007139
   824 | 001786      6022   0.0007179
   825 | 0017A6      6054   0.0007217
   826 | 0017C7      6087   0.0007256
   827 | 0017E8      6120   0.0007296
   828 | 001809      6153   0.0007335
   829 | 00182B      6187   0.0007375
   830 | 00184C      6220   0.0007415
   831 | 00186E      6254   0.0007455
   832 | 001890      6288   0.0007496
   833 | 0018B2      6322   0.0007536
   834 | 0018D5      6357   0.0007578
   835 | 0018F7      6391   0.0007619
   836 | 00191A      6426   0.0007660
   837 | 00193D      6461   0.0007702
   838 | 001960      6496   0.0007744
   839 | 001983      6531   0.0007786
   840 | 0019A7      6567   0.0007828
   841 | 0019CA      6602   0.0007870
   842 | 0019EE      6638   0.0007913
   843 | 001A12      6674   0.0007956
   844 | 001A36      6710   0.0007999
   845 | 001A5B      6747   0.0008043
   846 | 001A7F      6783   0.0008086
   847 | 001AA4      6820   0.0008130
   848 | 001AC9      6857   0.0008174
   849 | 001AEF      6895   0.0008219
   850 | 001B14      6932   0.0008264
   851 | 001B3A      6970   0.0008309
   852 | 001B5F      7007   0.0008353
   853 | 001B85      7045   0.0008398
   854 | 001BAC      7084   0.0008445
   855 | 001BD2      7122   0.0008490
   856 | 001BF9      7161   0.0008537
   857 | 001C20      7200   0.0008583
   858 | 001C47      7239   0.0008630
   859 | 001C6E      7278   0.0008676
   860 | 001C96      7318   0.0008724
   861 | 001CBD      7357   0.0008770
   862 | 001CE5      7397   0.0008818
   863 | 001D0E      7438   0.0008867
   864 | 001D36      7478   0.0008914
   865 | 001D5F      7519   0.0008963
   866 | 001D87      7559   0.0009011
   867 | 001DB0      7600   0.0009060
   868 | 001DDA      7642   0.0009110
   869 | 001E03      7683   0.0009159
   870 | 001E2D      7725   0.0009209
   871 | 001E57      7767   0.0009259
   872 | 001E81      7809   0.0009309
   873 | 001EAB      7851   0.0009359
   874 | 001ED6      7894   0.0009410
   875 | 001F01      7937   0.0009462
   876 | 001F2C      7980   0.0009513
   877 | 001F57      8023   0.0009564
   878 | 001F83      8067   0.0009617
   879 | 001FAF      8111   0.0009669
   880 | 001FDB      8155   0.0009722
   881 | 002007      8199   0.0009774
   882 | 002034      8244   0.0009828
   883 | 002060      8288   0.0009880
   884 | 00208D      8333   0.0009934
   885 | 0020BB      8379   0.0009989
   886 | 0020E8      8424   0.0010042
   887 | 002116      8470   0.0010097
   888 | 002144      8516   0.0010152
   889 | 002172      8562   0.0010207
   890 | 0021A0      8608   0.0010262
   891 | 0021CF      8655   0.0010318
   892 | 0021FE      8702   0.0010374
   893 | 00222D      8749   0.0010430
   894 | 00225D      8797   0.0010487
   895 | 00228D      8845   0.0010544
   896 | 0022BD      8893   0.0010601
   897 | 0022ED      8941   0.0010659
   898 | 00231E      8990   0.0010717
   899 | 00234E      9038   0.0010774
   900 | 002380      9088   0.0010834
   901 | 0023B1      9137   0.0010892
   902 | 0023E2      9186   0.0010951
   903 | 002414      9236   0.0011010
   904 | 002447      9287   0.0011071
   905 | 002479      9337   0.0011131
   906 | 0024AC      9388   0.0011191
   907 | 0024DF      9439   0.0011252
   908 | 002512      9490   0.0011313
   909 | 002545      9541   0.0011374
   910 | 002579      9593   0.0011436
