142158  000880       2176  +0.000259399
142159  00088C       2188  +0.000260830
14215A  000898       2200  +0.000262260
14215B  0008A4       2212  +0.000263691
14215C  0008B0       2224  +0.000265121
14215D  0008BC       2236  +0.000266552
14215E  0008C8       2248  +0.000267982
14215F  0008D4       2260  +0.000269413
142160  0008E1       2273  +0.000270963
142161  0008ED       2285  +0.000272393
142162  0008F9       2297  +0.000273824
142163  000906       2310  +0.000275373
142164  000912       2322  +0.000276804
142165  00091F       2335  +0.000278354
142166  00092C       2348  +0.000279903
142167  000939       2361  +0.000281453
142168  000945       2373  +0.000282884
142169  000952       2386  +0.000284433
14216A  00095F       2399  +0.000285983
14216B  00096C       2412  +0.000287533
14216C  000979       2425  +0.000289083
14216D  000986       2438  +0.000290632
14216E  000994       2452  +0.000292301
14216F  0009A1       2465  +0.000293851
142170  0009AE       2478  +0.000295401
142171  0009BC       2492  +0.000297070
142172  0009C9       2505  +0.000298619
142173  0009D7       2519  +0.000300288
142174  0009E5       2533  +0.000301957
142175  0009F2       2546  +0.000303507
142176  000A00       2560  +0.000305176
142177  000A0E       2574  +0.000306845
142178  000A1C       2588  +0.000308514
142179  000A2A       2602  +0.000310183
14217A  000A38       2616  +0.000311852
14217B  000A47       2631  +0.000313640
14217C  000A55       2645  +0.000315309
14217D  000A63       2659  +0.000316978
14217E  000A72       2674  +0.000318766
14217F  000A80       2688  +0.000320435
142180  000A8F       2703  +0.000322223
142181  000A9D       2717  +0.000323892
142182  000AAC       2732  +0.000325680
142183  000ABB       2747  +0.000327468
142184  000ACA       2762  +0.000329256
142185  000AD9       2777  +0.000331044
142186  000AE8       2792  +0.000332832
142187  000AF7       2807  +0.000334620
