3fffff
40058b
400b18
4010a4
401632
401bbf
40214e
4026dc
402c6b
4031fb
40378b
403d1c
4042ad
40483f
404dd1
405363
4058f6
405e8a
40641e
4069b2
406f47
4074dd
407a72
408009
4085a0
408b37
4090cf
409667
409c00
40a19a
40a733
40acce
40b268
40b804
40bd9f
40c33c
40c8d8
40ce76
40d413
40d9b2
40df50
40e4ef
40ea8f
40f02f
40f5d0
40fb71
410112
4106b5
410c57
4111fa
41179e
411d42
4122e6
41288b
412e31
4133d7
41397d
413f24
4144cc
414a74
41501c
4155c5
415b6e
416118
4166c3
416c6e
417219
4177c5
417d71
41831e
4188cc
418e79
419428
4199d7
419f86
41a536
41aae6
41b097
41b648
41bbfa
41c1ac
41c75f
41cd12
41d2c6
41d87a
41de2f
41e3e4
41e99a
41ef50
41f507
41fabe
420076
42062e
420be7
4211a0
42175a
421d14
4222cf
42288a
422e45
423402
4239be
423f7b
424539
424af7
4250b6
425675
425c35
4261f5
4267b6
426d77
427338
4278fb
427ebd
428480
428a44
429008
4295cd
429b92
42a158
42a71e
42ace5
42b2ac
42b873
42be3c
42c404
42c9cd
42cf97
42d561
42db2c
42e0f7
42e6c3
42ec8f
42f25c
42f829
42fdf6
4303c5
430993
430f62
431532
431b02
4320d3
4326a4
432c76
433248
43381b
433dee
4343c2
434996
434f6b
435540
435b16
4360ec
4366c3
436c9a
437272
43784a
437e23
4383fc
4389d6
438fb0
43958b
439b66
43a142
43a71f
43acfb
43b2d9
43b8b7
43be95
43c474
43ca53
43d033
43d614
43dbf4
43e1d6
43e7b8
43ed9a
43f37d
43f961
43ff45
440529
440b0e
4410f4
4416da
441cc0
4422a7
44288f
442e77
44345f
443a48
444032
44461c
444c07
4451f2
4457dd
445dca
4463b6
4469a4
446f91
44757f
447b6e
44815d
44874d
448d3d
44932e
44991f
449f11
44a504
44aaf6
44b0ea
44b6de
44bcd2
44c2c7
44c8bc
44ceb2
44d4a9
44daa0
44e097
44e68f
44ec88
44f281
44f87a
44fe74
45046f
450a6a
451066
451662
451c5f
45225c
45285a
452e58
453456
453a56
454056
454656
454c57
455258
45585a
455e5c
45645f
456a63
457067
45766b
457c70
458276
45887c
458e82
459489
459a91
45a099
45a6a2
45acab
45b2b4
45b8bf
45bec9
45c4d5
45cae0
45d0ed
45d6fa
45dd07
45e315
45e923
45ef32
45f542
45fb52
460162
460773
460d85
461397
4619a9
461fbc
4625d0
462be4
4631f9
46380e
463e24
46443a
464a51
465069
465680
465c99
4662b2
4668cb
466ee5
467500
467b1b
468136
468752
468d6f
46938c
4699aa
469fc8
46a5e7
46ac06
46b226
46b846
46be67
46c489
46caab
46d0cd
46d6f0
46dd14
46e338
46e95c
46ef82
46f5a7
46fbcd
4701f4
47081b
470e43
47146c
471a94
4720be
4726e8
472d12
47333d
473969
473f95
4745c1
474bef
47521c
47584a
475e79
4764a8
476ad8
477109
47773a
477d6b
47839d
4789cf
479002
479636
479c6a
47a29f
47a8d4
47af0a
47b540
47bb77
47c1ae
47c7e6
47ce1e
47d457
47da91
47e0cb
47e706
47ed41
47f37c
47f9b8
47fff5
480632
480c70
4812af
4818ee
481f2d
48256d
482bae
4831ef
483830
483e72
4844b5
484af8
48513c
485780
485dc5
48640b
486a51
487097
4876de
487d26
48836e
4889b7
489000
489649
489c94
48a2df
48a92a
48af76
48b5c2
48bc0f
48c25d
48c8ab
48cefa
48d549
48db99
48e1e9
48e83a
48ee8b
48f4dd
48fb30
490183
4907d7
490e2b
49147f
491ad5
49212a
492781
492dd8
49342f
493a87
4940e0
494739
494d92
4953ed
495a47
4960a3
4966fe
496d5b
4973b8
497a15
498073
4986d2
498d31
499391
4999f1
49a052
49a6b3
49ad15
49b377
49b9da
49c03e
49c6a2
49cd07
49d36c
49d9d2
49e038
49e69f
49ed07
49f36f
49f9d7
4a0040
4a06aa
4a0d14
4a137f
4a19ea
4a2056
4a26c3
4a2d30
4a339d
4a3a0b
4a407a
4a46e9
4a4d59
4a53c9
4a5a3a
4a60ac
4a671e
4a6d90
4a7404
4a7a77
4a80ec
4a8760
4a8dd6
4a944c
4a9ac2
4aa139
4aa7b1
4aae29
4ab4a2
4abb1b
4ac195
4ac80f
4ace8a
4ad506
4adb82
4ae1ff
4ae87c
4aeefa
4af578
4afbf7
4b0276
4b08f7
4b0f77
4b15f8
4b1c7a
4b22fc
4b297f
4b3003
4b3687
4b3d0b
4b4390
4b4a16
4b509c
4b5723
4b5daa
4b6432
4b6abb
4b7144
4b77ce
4b7e58
4b84e3
4b8b6e
4b91fa
4b9886
4b9f13
4ba5a1
4bac2f
4bb2be
4bb94d
4bbfdd
4bc66e
4bccff
4bd390
4bda23
4be0b5
4be749
4beddc
4bf471
4bfb06
4c019c
4c0832
4c0ec8
4c1560
4c1bf8
4c2290
4c2929
4c2fc3
4c365d
4c3cf8
4c4393
4c4a2f
4c50cb
4c5768
4c5e06
4c64a4
4c6b43
4c71e2
4c7882
4c7f22
4c85c3
4c8c65
4c9307
4c99aa
4ca04d
4ca6f1
4cad96
4cb43b
4cbae0
4cc187
4cc82d
4cced5
4cd57d
4cdc25
4ce2ce
4ce978
4cf022
4cf6cd
4cfd78
4d0424
4d0ad1
4d117e
4d182c
4d1eda
4d2589
4d2c38
4d32e8
4d3999
4d404a
4d46fc
4d4dae
4d5461
4d5b15
4d61c9
4d687e
4d6f33
4d75e9
4d7c9f
4d8356
4d8a0e
4d90c6
4d977f
4d9e38
4da4f2
4dabac
4db268
4db923
4dbfdf
4dc69c
4dcd5a
4dd418
4ddad6
4de195
4de855
4def16
4df5d6
4dfc98
4e035a
4e0a1d
4e10e0
4e17a4
4e1e68
4e252d
4e2bf3
4e32b9
4e3980
4e4047
4e470f
4e4dd8
4e54a1
4e5b6b
4e6235
4e6900
4e6fcb
4e7697
4e7d64
4e8431
4e8aff
4e91ce
4e989d
4e9f6c
4ea63c
4ead0d
4eb3df
4ebab1
4ec183
4ec856
4ecf2a
4ed5fe
4edcd3
4ee3a9
4eea7f
4ef156
4ef82d
4eff05
4f05dd
4f0cb6
4f1390
4f1a6a
4f2145
4f2821
4f2efd
4f35d9
4f3cb7
4f4394
4f4a73
4f5152
4f5832
4f5f12
4f65f3
4f6cd4
4f73b6
4f7a99
4f817c
4f8860
4f8f44
4f9629
4f9d0f
4fa3f5
4faadb
4fb1c3
4fb8ab
4fbf93
4fc67d
4fcd66
4fd451
4fdb3c
4fe227
4fe913
4ff000
4ff6ee
4ffddc
5004ca
500bb9
5012a9
501999
50208a
50277c
502e6e
503561
503c54
504348
504a3d
505132
505828
505f1e
506615
506d0d
507405
507afe
5081f7
5088f1
508fec
5096e7
509de3
50a4df
50abdd
50b2da
50b9d8
50c0d7
50c7d7
50ced7
50d5d8
50dcd9
50e3db
50eadd
50f1e0
50f8e4
50ffe8
5106ed
510df3
5114f9
511c00
512307
512a0f
513118
513821
513f2b
514635
514d40
51544c
515b58
516265
516972
517080
51778f
517e9e
5185ae
518cbf
5193d0
519ae2
51a1f4
51a907
51b01b
51b72f
51be44
51c559
51cc6f
51d386
51da9d
51e1b5
51e8cd
51efe7
51f700
51fe1b
520536
520c51
52136d
521a8a
5221a8
5228c6
522fe4
523704
523e23
524544
524c65
525387
525aa9
5261cc
5268f0
527014
527739
527e5e
528584
528cab
5293d2
529afa
52a223
52a94c
52b076
52b7a0
52becb
52c5f7
52cd23
52d450
52db7e
52e2ac
52e9db
52f10a
52f83a
52ff6b
53069c
530dce
531500
531c33
532367
532a9c
5331d1
533906
53403c
534773
534eab
5355e3
535d1c
536455
536b8f
5372ca
537a05
538141
53887d
538fbb
5396f8
539e37
53a576
53acb5
53b3f6
53bb37
53c278
53c9ba
53d0fd
53d840
53df85
53e6c9
53ee0f
53f554
53fc9b
5403e2
540b2a
541273
5419bc
542105
542850
542f9b
5436e6
543e33
54457f
544ccd
54541b
545b6a
5462b9
546a09
54715a
5478ab
547ffd
548750
548ea3
5495f7
549d4b
54a4a1
54abf6
54b34d
54baa4
54c1fb
54c954
54d0ad
54d806
54df60
54e6bb
54ee17
54f573
54fcd0
55042d
550b8b
5512ea
551a49
5521a9
55290a
55306b
5537cd
553f2f
554692
554df6
55555b
555cc0
556426
556b8c
5572f3
557a5b
5581c3
55892c
559095
5597ff
559f6a
55a6d6
55ae42
55b5af
55bd1c
55c48a
55cbf9
55d368
55dad8
55e249
55e9ba
55f12c
55f89f
560012
560786
560efa
561670
561de5
56255c
562cd3
56344b
563bc3
56433c
564ab6
565230
5659ab
566127
5668a3
567020
56779e
567f1c
56869b
568e1a
56959a
569d1b
56a49d
56ac1f
56b3a2
56bb25
56c2a9
56ca2e
56d1b3
56d939
56e0c0
56e847
56efcf
56f758
56fee1
57066b
570df6
571581
571d0d
572499
572c27
5733b5
573b43
5742d2
574a62
5751f3
575984
576116
5768a8
57703b
5777cf
577f63
5786f8
578e8e
579625
579dbc
57a553
57acec
57b485
57bc1e
57c3b9
57cb54
57d2ef
57da8c
57e229
57e9c6
57f165
57f904
5800a3
580844
580fe5
581786
581f28
5826cb
582e6f
583613
583db8
58455e
584d04
5854ab
585c52
5863fb
586ba4
58734d
587af7
5882a2
588a4e
5891fa
5899a7
58a154
58a903
58b0b2
58b861
58c011
58c7c2
58cf74
58d726
58ded9
58e68c
58ee41
58f5f5
58fdab
590561
590d18
5914d0
591c88
592441
592bfa
5933b5
593b6f
59432b
594ae7
5952a4
595a62
596220
5969df
59719f
59795f
598120
5988e1
5990a4
599867
59a02a
59a7ee
59afb3
59b779
59bf3f
59c706
59cece
59d696
59de5f
59e629
59edf3
59f5bf
59fd8a
5a0557
5a0d24
5a14f1
5a1cc0
5a248f
5a2c5f
5a342f
5a3c00
5a43d2
5a4ba5
5a5378
5a5b4c
5a6320
5a6af5
5a72cb
5a7aa2
000000
000000
000000
000000
000000
000000
000000
000000
000000
000000
000000
000000
000000
000000
000000
000000
000000
000000
000000
000000
000000
000000
000000
000000
000000
000000
000000
000000
000000
000000
000000
000000
000000
000000
000000
000000
000000
000000
000000
000000
000000
000000
000000
000000
000000
000000
000000
000000
000000
000000
000000
000000
000000
000000
000000
000000
000000
000000
000000
000000
000000
000000
000000
000000
000000
000000
000000
000000
000000
000000
000000
000000
000000
000000
000000
000000
000000
000000
000000
000000
000000
000000
000000
000000
000000
000000
000000
000000
000000
000000
000000
000000
000000
000000
000000
000000
000000
000000
000000
000000
000000
000000
000000
000000
000000
000000
000000
000000
000000
000000
000000
000000
000000
000000
000000
000000
000000
000000
000000
000000
000000
000000
000000
000000
000000
000000
000000
000000
000000
000000
000000
000000
000000
000000
000000
000000
000000
000000
000000
000000
000000
000000
000000
000000
000000
000000
000000
000000
000000
000000
000000
000000
000000
000000
000000
000000
000000
000000
000000
000000
000000
000000
000000
000000
000000
000000
000000
000000
000000
000000
000000
000000
000000
000000
000000
000000
000000
000000
000000
000000
000000
000000
000000
000000
000000
000000
000000
000000
000000
000000
000000
000000
000000
000000
000000
000000
000000
000000
000000
000000
000000
000000
000000
000000
000000
000000
000000
000000
000000
000000
000000
000000
000000
000000
000000
000000
000000
000000
000000
000000
000000
000000
000000
000000
000000
000000
000000
000000
000000
000000
000000
000000
000000
000000
000000
000000
000000
000000
000000
000000
000000
000000
000000
000000
000000
000000
000000
000000
000000
000000
000000
000000
000000
000000
000000
000000
000000
000000
000000
000000
000000
000000
000000
000000
000000
000000
000000
000000
000000
000000
000000
000000
000000
000000
000000
000000
000000
000000
000000
000000
000000
000000
000000
000000
000000
000000
000000
000000
000000
000000
000000
000000
000000
000000
000000
000000
000000
000000
000000
000000
000000
000000
000000
000000
000000
000000
000000
000000
000000
000000
000000
000000
000000
000000
000000
000000
000000
000000
000000
000000
000000
000000
000000
000000
000000
000000
000000
000000
000000
000000
000000
000000
000000
000000
000000
000000
000000
000000
000000
000000
000000
000000
000000
000000
000000
000000
000000
000000
000000
000000
000000
000000
000000
000000
000000
000000
000000
000000
000000
000000
000000
000000
000000
000000
000000
000000
000000
000000
000000
000000
000000
000000
000000
000000
000000
000000
000000
000000
000000
000000
000000
000000
000000
000000
000000
000000
000000
000000
000000
000000
000000
000000
000000
000000
000000
000000
000000
000000
000000
000000
000000
000000
000000
000000
000000
000000
000000
000000
000000
000000
000000
000000
000000
000000
000000
000000
000000
000000
000000
000000
000000
000000
000000
000000
000000
000000
000000
000000
000000
000000
000000
000000
000000
000000
000000
000000
000000
000000
000000
000000
000000
000000
000000
000000
000000
000000
000000
000000
000000
000000
000000
000000
000000
000000
000000
000000
000000
000000
000000
000000
000000
000000
000000
000000
000000
000000
000000
000000
000000
000000
000000
000000
000000
000000
000000
000000
000000
000000
000000
000000
000000
000000
000000
000000
000000
000000
000000
000000
000000
000000
000000
000000
000000
000000
000000
000000
000000
000000
000000
000000
000000
000000
000000
000000
000000
000000
000000
000000
000000
000000
000000
000000
000000
000000
000000
000000
000000
000000
000000
000000
000000
000000
000000
000000
000000
000000
000000
000000
000000
000000
000000
000000
000000
000000
000000
000000
000000
000000
000000
000000
000000
000000
000000
000000
000000
000000
000000
000000
000000
000000
000000
000000
000000
000000
000000
000000
000000
000000
000000
000000
000000
000000
000000
000000
000000
000000
000000
000000
000000
000000
000000
000000
000000
000000
000000
000000
000000
000000
000000
000000
000000
000000
000000
000000
000000
000000
000000
000000
000000
000000
000000
000000
000000
000000
000000
000000
000000
000000
000000
000000
000000
000000
000000
000000
000000
000000
000000
000000
000000
000000
000000
000000
000000
000000
000000
000000
000000
000000
000000
000000
000000
000000
000000
000000
000000
000000
000000
000000
000000
000000
000000
000000
000000
000000
000000
000000
000000
000000
000000
000000
000000
000000
000000
000000
000000
000000
000000
000000
000000
000000
000000
000000
000000
000000
000000
000000
000000
000000
000000
000000
000000
000000
000000
000000
000000
000000
000000
000000
000000
000000
000000
000000
000000
000000
000000
000000
000000
000000
000000
000000
000000
000000
000000
000000
000000
000000
000000
000000
000000
000000
000000
000000
000000
000000
000000
000000
000000
000000
000000
000000
000000
000000
000000
000000
000000
000000
000000
000000
000000
000000
000000
000000
000000
000000
000000
000000
000000
000000
000000
000000
000000
000000
000000
000000
000000
000000
000000
000000
000000
000000
000000
000000
000000
000000
000000
000000
000000
000000
000000
000000
000000
000000
000000
000000
000000
000000
000000
000000
000000
000000
000000
000000
000000
000000
000000
000000
000000
000000
000000
000000
000000
000000
000000
000000
000000
000000
000000
000000
000000
000000
000000
000000
000000
000000
000000
000000
000000
000000
000000
000000
000000
000000
000000
000000
000000
000000
000000
000000
000000
000000
000000
000000
000000
000000
000000
000000
000000
000000
000000
000000
000000
000000
000000
000000
000000
000000
000000
000000
000000
000000
000000
000000
000000
000000
000000
000000
000000
000000
000000
000000
000000
000000
000000
000000
000000
000000
000000
000000
000000
000000
000000
000000
000000
000000
000000
000000
000000
000000
000000
000000
000000
000000
000000
000000
000000
000000
000000
000000
000000
000000
000000
000000
000000
000000
000000
000000
000000
000000
000000
000000
000000
000000
000000
000000
000000
000000
000000
000000
000000
000000
000000
000000
000000
000000
000000
000000
000000
000000
000000
000000
000000
000000
000000
000000
000000
000000
000000
000000
000000
000000
000000
000000
000000
000000
000000
000000
000000
000000
000000
000000
000000
000000
000000
000000
000000
000000
000000
000000
000000
000000
000000
000000
000000
000000
000000
000000
000000
000000
000000
000000
000000
000000
000000
000000
000000
000000
000000
000000
000000
000000
000000
000000
000000
000000
000000
000000
000000
000000
000000
000000
000000
000000
000000
000000
000000
000000
000000
000000
000000
000000
000000
000000
000000
000000
000000
000000
000000
000000
000000
000000
000000
000000
000000
000000
000000
000000
000000
000000
000000
000000
000000
000000
000000
000000
000000
000000
000000
000000
000000
000000
000000
000000
000000
000000
000000
000000
000000
000000
000000
000000
000000
000000
000000
000000
000000
000000
000000
000000
000000
000000
000000
000000
000000
000000
000000
000000
000000
000000
000000
000000
000000
000000
000000
000000
000000
000000
000000
000000
000000
000000
000000
000000
000000
000000
000000
000000
000000
000000
000000
000000
000000
000000
000000
000000
000000
000000
000000
000000
000000
000000
000000
000000
000000
000000
000000
000000
000000
000000
000000
000000
000000
000000
000000
000000
000000
000000
000000
000000
000000
000000
000000
000000
000000
000000
000000
000000
000000
000000
000000
000000
000000
000000
000000
000000
000000
000000
000000
000000
000000
000000
000000
000000
000000
000000
000000
000000
000000
000000
000000
000000
000000
000000
000000
000000
000000
000000
000000
000000
000000
000000
000000
000000
000000
000000
000000
000000
000000
000000
000000
000000
000000
000000
000000
000000
000000
000000
000000
000000
000000
000000
000000
000000
000000
000000
000000
000000
000000
000000
000000
000000
000000
000000
000000
000000
000000
000000
000000
000000
000000
000000
000000
000000
000000
000000
000000
000000
000000
000000
000000
000000
000000
000000
000000
000000
000000
000000
000000
000000
000000
000000
000000
000000
000000
000000
000000
000000
000000
000000
000000
000000
000000
000000
000000
000000
000000
000000
000000
000000
000000
000000
000000
000000
000000
000000
000000
000000
000000
000000
000000
000000
000000
000000
000000
000000
000000
000000
000000
000000
000000
000000
000000
000000
000000
000000
000000
000000
000000
000000
000000
000000
000000
000000
000000
000000
000000
000000
000000
000000
000000
000000
000000
000000
000000
000000
000000
000000
000000
000000
000000
000000
000000
000000
000000
000000
000000
000000
000000
000000
000000
000000
000000
000000
000000
000000
000000
000000
000000
000000
000000
000000
000000
000000
000000
000000
000000
000000
000000
000000
000000
000000
000000
000000
000000
000000
000000
000000
000000
000000
000000
000000
000000
000000
000000
000000
000000
000000
000000
000000
000000
000000
000000
000000
000000
000000
000000
000000
000000
000000
000000
000000
000000
000000
000000
000000
000000
000000
000000
000000
000000
000000
000000
000000
000000
000000
000000
000000
000000
000000
000000
000000
000000
000000
000000
000000
000000
000000
000000
000000
000000
000000
000000
000000
000000
000000
000000
000000
000000
000000
000000
000000
000000
000000
000000
000000
000000
000000
000000
000000
000000
000000
000000
000000
000000
000000
000000
000000
000000
000000
000000
000000
000000
000000
000000
000000
000000
000000
000000
000000
000000
000000
000000
000000
000000
000000
000000
000000
000000
000000
000000
000000
000000
000000
000000
000000
000000
000000
000000
000000
000000
000000
000000
000000
000000
000000
000000
000000
000000
000000
000000
000000
000000
000000
000000
000000
000000
000000
000000
000000
000000
000000
000000
000000
000000
000000
000000
000000
000000
000000
000000
000000
000000
000000
000000
000000
000000
000000
000000
000000
000000
000000
000000
000000
000000
000000
000000
000000
000000
000000
000000
000000
000000
000000
000000
000000
000000
000000
000000
000000
000000
000000
000000
000000
000000
000000
000000
000000
000000
000000
000000
000000
000000
000000
000000
000000
000000
000000
000000
000000
000000
000000
000000
000000
000000
000000
000000
000000
000000
000000
000000
000000
000000
000000
000000
000000
000000
000000
000000
000000
000000
000000
000000
000000
000000
000000
000000
000000
000000
000000
000000
000000
000000
000000
000000
000000
000000
000000
000000
000000
000000
000000
000000
000000
000000
000000
000000
000000
000000
000000
000000
000000
000000
000000
000000
000000
000000
000000
000000
000000
000000
000000
000000
000000
000000
000000
000000
000000
000000
000000
000000
000000
000000
000000
000000
000000
000000
000000
000000
000000
000000
000000
000000
000000
000000
000000
000000
000000
000000
000000
000000
000000
000000
000000
000000
000000
000000
000000
000000
000000
000000
000000
000000
000000
000000
000000
000000
000000
000000
000000
000000
000000
000000
000000
000000
000000
000000
000000
000000
000000
000000
000000
000000
000000
000000
000000
000000
000000
000000
000000
000000
000000
000000
000000
000000
000000
000000
000000
000000
000000
000000
000000
000000
000000
000000
000000
000000
000000
000000
000000
000000
000000
000000
000000
000000
000000
000000
000000
000000
000000
000000
000000
000000
000000
000000
000000
000000
000000
000000
000000
000000
000000
000000
000000
000000
000000
000000
000000
000000
000000
000000
000000
000000
000000
000000
000000
000000
000000
000000
000000
000000
000000
000000
000000
000000
000000
000000
000000
000000
000000
000000
000000
000000
000000
000000
000000
000000
000000
000000
000000
000000
000000
000000
000000
000000
000000
000000
000000
000000
000000
000000
000000
000000
000000
000000
000000
000000
000000
000000
000000
000000
000000
000000
000000
000000
000000
000000
000000
000000
000000
000000
000000
000000
000000
000000
000000
000000
000000
000000
000000
000000
000000
000000
000000
000000
000000
000000
000000
000000
000000
000000
000000
000000
000000
000000
000000
000000
000000
000000
000000
000000
000000
000000
000000
000000
000000
000000
000000
000000
000000
000000
000000
000000
000000
000000
000000
000000
000000
000000
000000
000000
000000
000000
000000
000000
000000
000000
000000
000000
000000
000000
000000
000000
000000
000000
000000
000000
000000
000000
000000
000000
000000
000000
000000
000000
000000
000000
000000
000000
000000
000000
000000
000000
000000
000000
000000
000000
000000
000000
000000
000000
000000
000000
000000
000000
000000
000000
000000
000000
000000
000000
000000
000000
000000
000000
000000
000000
000000
000000
000000
000000
000000
000000
000000
000000
000000
000000
000000
000000
000000
000000
000000
000000
000000
000000
000000
000000
000000
000000
000000
000000
000000
000000
000000
000000
000000
000000
000000
000000
000000
000000
000000
000000
000000
000000
000000
000000
000000
000000
000000
000000
000000
000000
000000
000000
000000
000000
000000
000000
000000
000000
000000
000000
000000
000000
000000
000000
000000
000000
000000
000000
000000
000000
000000
000000
000000
000000
000000
000000
000000
000000
000000
000000
000000
000000
000000
000000
000000
000000
000000
000000
000000
000000
000000
000000
000000
000000
000000
000000
000000
000000
000000
000000
000000
000000
000000
000000
000000
000000
000000
000000
000000
000000
000000
000000
000000
000000
000000
000000
000000
000000
000000
000000
000000
000000
000000
000000
000000
000000
000000
000000
000000
000000
000000
000000
000000
000000
000000
000000
000000
000000
000000
000000
000000
000000
000000
000000
000000
000000
000000
000000
000000
000000
000000
000000
000000
000000
000000
000000
000000
000000
000000
000000
000000
000000
000000
000000
000000
000000
000000
000000
000000
000000
000000
000000
000000
000000
000000
000000
000000
000000
000000
000000
000000
000000
000000
000000
000000
000000
000000
000000
000000
000000
000000
000000
000000
000000
000000
000000
000000
000000
000000
000000
000000
000000
000000
000000
000000
000000
000000
000000
000000
000000
000000
000000
000000
000000
000000
000000
000000
000000
000000
000000
000000
000000
000000
000000
000000
000000
000000
000000
000000
000000
000000
000000
000000
000000
000000
000000
000000
000000
000000
000000
000000
000000
000000
000000
000000
000000
000000
000000
000000
000000
000000
000000
000000
000000
000000
000000
000000
000000
000000
000000
000000
000000
000000
000000
000000
000000
000000
000000
000000
000000
000000
000000
000000
000000
000000
000000
000000
000000
000000
000000
000000
000000
000000
000000
000000
000000
000000
000000
000000
000000
000000
000000
000000
000000
000000
000000
000000
000000
000000
000000
000000
000000
000000
000000
000000
000000
000000
000000
000000
000000
000000
000000
000000
000000
000000
000000
000000
000000
000000
000000
000000
000000
000000
000000
000000
000000
000000
000000
000000
000000
000000
000000
000000
000000
000000
000000
000000
000000
000000
000000
000000
000000
000000
000000
000000
000000
000000
000000
000000
000000
000000
000000
000000
000000
000000
000000
000000
000000
000000
000000
000000
000000
000000
000000
000000
000000
000000
000000
000000
000000
000000
000000
000000
000000
000000
000000
000000
000000
000000
000000
000000
000000
000000
000000
000000
000000
000000
000000
000000
000000
000000
000000
000000
000000
000000
000000
000000
000000
000000
000000
000000
000000
000000
000000
000000
000000
000000
000000
000000
000000
000000
000000
000000
000000
000000
000000
000000
000000
000000
000000
000000
000000
000000
000000
000000
000000
000000
000000
000000
000000
000000
000000
000000
000000
000000
000000
000000
000000
000000
000000
000000
000000
000000
000000
000000
000000
000000
000000
000000
000000
000000
000000
000000
000000
000000
000000
000000
000000
000000
000000
000000
000000
000000
000000
000000
000000
000000
000000
000000
000000
000000
000000
000000
000000
000000
000000
000000
000000
000000
000000
000000
000000
000000
000000
000000
000000
000000
000000
000000
000000
000000
000000
000000
000000
000000
000000
000000
000000
000000
000000
000000
000000
000000
000000
000000
000000
000000
000000
000000
000000
000000
000000
000000
000000
000000
000000
000000
000000
000000
000000
000000
000000
000000
000000
000000
000000
000000
000000
000000
000000
000000
000000
000000
000000
000000
000000
000000
000000
000000
000000
000000
000000
000000
000000
000000
000000
000000
000000
000000
000000
000000
000000
000000
000000
000000
000000
000000
000000
000000
000000
000000
000000
000000
000000
000000
000000
000000
000000
000000
000000
000000
000000
000000
000000
000000
000000
000000
000000
000000
000000
000000
000000
000000
000000
000000
000000
000000
000000
000000
000000
000000
000000
000000
000000
000000
000000
000000
000000
000000
000000
000000
000000
000000
000000
000000
000000
000000
000000
000000
000000
000000
000000
000000
000000
000000
000000
000000
000000
000000
000000
000000
000000
000000
000000
000000
000000
000000
000000
000000
000000
000000
000000
000000
000000
000000
000000
000000
000000
000000
000000
000000
000000
000000
000000
000000
000000
000000
000000
000000
000000
000000
000000
000000
000000
000000
000000
000000
000000
000000
000000
000000
000000
000000
000000
000000
000000
000000
000000
000000
000000
000000
000000
000000
000000
000000
000000
000000
000000
000000
000000
000000
000000
000000
000000
000000
000000
000000
000000
000000
000000
000000
000000
000000
000000
000000
000000
000000
000000
000000
000000
000000
000000
000000
000000
000000
000000
000000
000000
000000
000000
000000
000000
000000
000000
000000
000000
000000
000000
000000
000000
000000
000000
000000
000000
000000
000000
000000
000000
000000
000000
000000
000000
000000
000000
000000
000000
000000
000000
000000
000000
000000
000000
000000
000000
000000
000000
000000
000000
000000
000000
000000
000000
000000
000000
000000
000000
000000
000000
000000
000000
000000
000000
000000
000000
000000
000000
000000
000000
000000
000000
000000
000000
000000
000000
000000
000000
000000
000000
000000
000000
000000
000000
000000
000000
000000
000000
000000
000000
000000
000000
000000
000000
000000
000000
000000
000000
000000
000000
000000
000000
000000
000000
000000
000000
000000
000000
000000
000000
000000
000000
000000
000000
000000
000000
000000
000000
000000
000000
000000
000000
000000
000000
000000
000000
000000
000000
000000
000000
000000
000000
000000
000000
000000
000000
000000
000000
000000
000000
000000
000000
000000
000000
000000
000000
000000
000000
000000
000000
000000
000000
000000
000000
000000
000000
000000
000000
000000
000000
000000
000000
000000
000000
000000
000000
000000
000000
000000
000000
000000
000000
000000
000000
000000
000000
000000
000000
000000
000000
000000
000000
000000
000000
000000
000000
000000
000000
000000
000000
000000
000000
000000
000000
000000
000000
000000
000000
000000
000000
000000
000000
000000
000000
000000
000000
000000
000000
000000
000000
000000
000000
000000
000000
000000
000000
000000
000000
000000
000000
000000
000000
000000
000000
000000
000000
000000
000000
000000
000000
000000
000000
000000
000000
000000
000000
000000
000000
000000
000000
000000
000000
000000
000000
000000
000000
000000
000000
000000
000000
000000
000000
000000
000000
000000
000000
000000
000000
000000
000000
000000
000000
000000
000000
000000
000000
000000
000000
000000
000000
000000
000000
000000
000000
000000
000000
000000
000000
000000
000000
000000
000000
000000
000000
000000
000000
000000
000000
000000
000000
000000
000000
000000
000000
000000
000000
000000
000000
000000
000000
000000
000000
000000
000000
000000
000000
000000
000000
000000
000000
000000
000000
000000
000000
000000
000000
000000
000000
000000
000000
000000
000000
000000
000000
000000
000000
000000
000000
000000
000000
000000
000000
000000
000000
000000
000000
000000
000000
000000
000000
000000
000000
000000
000000
000000
000000
000000
000000
000000
000000
000000
000000
000000
000000
000000
000000
000000
000000
000000
000000
000000
000000
000000
000000
000000
000000
000000
000000
000000
000000
000000
000000
000000
000000
000000
000000
000000
000000
000000
000000
000000
000000
000000
000000
000000
000000
000000
000000
000000
000000
000000
000000
000000
000000
000000
000000
000000
000000
000000
000000
000000
000000
000000
000000
000000
000000
000000
000000
000000
000000
000000
000000
000000
000000
000000
000000
000000
000000
000000
000000
000000
000000
000000
000000
000000
000000
000000
000000
000000
000000
000000
000000
000000
000000
000000
000000
000000
000000
000000
000000
000000
000000
000000
000000
000000
000000
000000
000000
000000
000000
000000
000000
000000
000000
000000
000000
000000
000000
000000
000000
000000
000000
000000
000000
000000
000000
000000
000000
000000
000000
000000
000000
000000
000000
000000
000000
000000
000000
000000
000000
000000
000000
000000
000000
000000
000000
000000
000000
000000
000000
000000
000000
000000
000000
000000
000000
000000
000000
000000
000000
000000
000000
000000
000000
000000
000000
000000
000000
000000
000000
000000
000000
000000
000000
000000
000000
000000
000000
000000
000000
000000
000000
000000
000000
000000
000000
000000
000000
000000
000000
000000
000000
000000
000000
000000
000000
000000
000000
000000
000000
000000
000000
000000
000000
000000
000000
000000
000000
000000
000000
000000
000000
000000
000000
000000
000000
000000
000000
000000
000000
000000
000000
000000
000000
000000
000000
000000
000000
000000
000000
000000
000000
000000
