# P:$141CA7  filter_coeff_base_tbl  (1201 words)
# FILTER: cutoff->coefficient table, indexed by env-modulated BASE x $4AF>>24 (0..1199); used at P:$058B kernel
#  idx | hex     signed24   fraction(24-bit)
     0 | 7FFFAB   8388523   0.9999899
     1 | 7FFFAA   8388522   0.9999897
     2 | 7FFFA9   8388521   0.9999896
     3 | 7FFFA8   8388520   0.9999895
     4 | 7FFFA7   8388519   0.9999894
     5 | 7FFFA6   8388518   0.9999893
     6 | 7FFFA5   8388517   0.9999892
     7 | 7FFFA4   8388516   0.9999890
     8 | 7FFFA3   8388515   0.9999889
     9 | 7FFFA2   8388514   0.9999888
    10 | 7FFFA1   8388513   0.9999887
    11 | 7FFFA0   8388512   0.9999886
    12 | 7FFF9F   8388511   0.9999884
    13 | 7FFF9E   8388510   0.9999883
    14 | 7FFF9D   8388509   0.9999882
    15 | 7FFF9C   8388508   0.9999881
    16 | 7FFF9B   8388507   0.9999880
    17 | 7FFF9A   8388506   0.9999878
    18 | 7FFF99   8388505   0.9999877
    19 | 7FFF98   8388504   0.9999876
    20 | 7FFF96   8388502   0.9999874
    21 | 7FFF95   8388501   0.9999872
    22 | 7FFF94   8388500   0.9999871
    23 | 7FFF93   8388499   0.9999870
    24 | 7FFF92   8388498   0.9999869
    25 | 7FFF91   8388497   0.9999868
    26 | 7FFF8F   8388495   0.9999865
    27 | 7FFF8E   8388494   0.9999864
    28 | 7FFF8D   8388493   0.9999863
    29 | 7FFF8C   8388492   0.9999862
    30 | 7FFF8A   8388490   0.9999859
    31 | 7FFF89   8388489   0.9999858
    32 | 7FFF88   8388488   0.9999857
    33 | 7FFF86   8388486   0.9999855
    34 | 7FFF85   8388485   0.9999853
    35 | 7FFF84   8388484   0.9999852
    36 | 7FFF82   8388482   0.9999850
    37 | 7FFF81   8388481   0.9999849
    38 | 7FFF80   8388480   0.9999847
    39 | 7FFF7E   8388478   0.9999845
    40 | 7FFF7D   8388477   0.9999844
    41 | 7FFF7B   8388475   0.9999841
    42 | 7FFF7A   8388474   0.9999840
    43 | 7FFF79   8388473   0.9999839
    44 | 7FFF77   8388471   0.9999837
    45 | 7FFF76   8388470   0.9999835
    46 | 7FFF74   8388468   0.9999833
    47 | 7FFF73   8388467   0.9999832
    48 | 7FFF71   8388465   0.9999830
    49 | 7FFF6F   8388463   0.9999827
    50 | 7FFF6E   8388462   0.9999826
    51 | 7FFF6C   8388460   0.9999824
    52 | 7FFF6B   8388459   0.9999822
    53 | 7FFF69   8388457   0.9999820
    54 | 7FFF67   8388455   0.9999818
    55 | 7FFF66   8388454   0.9999816
    56 | 7FFF64   8388452   0.9999814
    57 | 7FFF62   8388450   0.9999812
    58 | 7FFF61   8388449   0.9999810
    59 | 7FFF5F   8388447   0.9999808
    60 | 7FFF5D   8388445   0.9999806
    61 | 7FFF5B   8388443   0.9999803
    62 | 7FFF5A   8388442   0.9999802
    63 | 7FFF58   8388440   0.9999800
    64 | 7FFF56   8388438   0.9999797
    65 | 7FFF54   8388436   0.9999795
    66 | 7FFF52   8388434   0.9999793
    67 | 7FFF50   8388432   0.9999790
    68 | 7FFF4E   8388430   0.9999788
    69 | 7FFF4C   8388428   0.9999785
    70 | 7FFF4B   8388427   0.9999784
    71 | 7FFF49   8388425   0.9999782
    72 | 7FFF47   8388423   0.9999779
    73 | 7FFF45   8388421   0.9999777
    74 | 7FFF43   8388419   0.9999775
    75 | 7FFF40   8388416   0.9999771
    76 | 7FFF3E   8388414   0.9999769
    77 | 7FFF3C   8388412   0.9999766
    78 | 7FFF3A   8388410   0.9999764
    79 | 7FFF38   8388408   0.9999762
    80 | 7FFF36   8388406   0.9999759
    81 | 7FFF34   8388404   0.9999757
    82 | 7FFF31   8388401   0.9999753
    83 | 7FFF2F   8388399   0.9999751
    84 | 7FFF2D   8388397   0.9999748
    85 | 7FFF2B   8388395   0.9999746
    86 | 7FFF28   8388392   0.9999743
    87 | 7FFF26   8388390   0.9999740
    88 | 7FFF23   8388387   0.9999737
    89 | 7FFF21   8388385   0.9999734
    90 | 7FFF1F   8388383   0.9999732
    91 | 7FFF1C   8388380   0.9999728
    92 | 7FFF1A   8388378   0.9999726
    93 | 7FFF17   8388375   0.9999722
    94 | 7FFF15   8388373   0.9999720
    95 | 7FFF12   8388370   0.9999716
    96 | 7FFF10   8388368   0.9999714
    97 | 7FFF0D   8388365   0.9999710
    98 | 7FFF0A   8388362   0.9999707
    99 | 7FFF08   8388360   0.9999704
   100 | 7FFF05   8388357   0.9999701
   101 | 7FFF02   8388354   0.9999697
   102 | 7FFEFF   8388351   0.9999694
   103 | 7FFEFD   8388349   0.9999691
   104 | 7FFEFA   8388346   0.9999688
   105 | 7FFEF7   8388343   0.9999684
   106 | 7FFEF4   8388340   0.9999681
   107 | 7FFEF1   8388337   0.9999677
   108 | 7FFEEE   8388334   0.9999673
   109 | 7FFEEB   8388331   0.9999670
   110 | 7FFEE8   8388328   0.9999666
   111 | 7FFEE5   8388325   0.9999663
   112 | 7FFEE2   8388322   0.9999659
   113 | 7FFEDF   8388319   0.9999655
   114 | 7FFEDC   8388316   0.9999652
   115 | 7FFED9   8388313   0.9999648
   116 | 7FFED5   8388309   0.9999644
   117 | 7FFED2   8388306   0.9999640
   118 | 7FFECF   8388303   0.9999636
   119 | 7FFECB   8388299   0.9999632
   120 | 7FFEC8   8388296   0.9999628
   121 | 7FFEC5   8388293   0.9999624
   122 | 7FFEC1   8388289   0.9999620
   123 | 7FFEBE   8388286   0.9999616
   124 | 7FFEBA   8388282   0.9999611
   125 | 7FFEB7   8388279   0.9999608
   126 | 7FFEB3   8388275   0.9999603
   127 | 7FFEB0   8388272   0.9999599
   128 | 7FFEAC   8388268   0.9999595
   129 | 7FFEA8   8388264   0.9999590
   130 | 7FFEA4   8388260   0.9999585
   131 | 7FFEA1   8388257   0.9999582
   132 | 7FFE9D   8388253   0.9999577
   133 | 7FFE99   8388249   0.9999572
   134 | 7FFE95   8388245   0.9999567
   135 | 7FFE91   8388241   0.9999563
   136 | 7FFE8D   8388237   0.9999558
   137 | 7FFE89   8388233   0.9999553
   138 | 7FFE85   8388229   0.9999548
   139 | 7FFE81   8388225   0.9999543
   140 | 7FFE7D   8388221   0.9999539
   141 | 7FFE78   8388216   0.9999533
   142 | 7FFE74   8388212   0.9999528
   143 | 7FFE70   8388208   0.9999523
   144 | 7FFE6C   8388204   0.9999518
   145 | 7FFE67   8388199   0.9999512
   146 | 7FFE63   8388195   0.9999508
   147 | 7FFE5E   8388190   0.9999502
   148 | 7FFE5A   8388186   0.9999497
   149 | 7FFE55   8388181   0.9999491
   150 | 7FFE50   8388176   0.9999485
   151 | 7FFE4C   8388172   0.9999480
   152 | 7FFE47   8388167   0.9999474
   153 | 7FFE42   8388162   0.9999468
   154 | 7FFE3D   8388157   0.9999462
   155 | 7FFE38   8388152   0.9999456
   156 | 7FFE33   8388147   0.9999450
   157 | 7FFE2E   8388142   0.9999444
   158 | 7FFE29   8388137   0.9999439
   159 | 7FFE24   8388132   0.9999433
   160 | 7FFE1F   8388127   0.9999427
   161 | 7FFE1A   8388122   0.9999421
   162 | 7FFE15   8388117   0.9999415
   163 | 7FFE0F   8388111   0.9999408
   164 | 7FFE0A   8388106   0.9999402
   165 | 7FFE04   8388100   0.9999394
   166 | 7FFDFF   8388095   0.9999388
   167 | 7FFDF9   8388089   0.9999381
   168 | 7FFDF4   8388084   0.9999375
   169 | 7FFDEE   8388078   0.9999368
   170 | 7FFDE8   8388072   0.9999361
   171 | 7FFDE2   8388066   0.9999354
   172 | 7FFDDC   8388060   0.9999347
   173 | 7FFDD6   8388054   0.9999340
   174 | 7FFDD0   8388048   0.9999332
   175 | 7FFDCA   8388042   0.9999325
   176 | 7FFDC4   8388036   0.9999318
   177 | 7FFDBE   8388030   0.9999311
   178 | 7FFDB8   8388024   0.9999304
   179 | 7FFDB1   8388017   0.9999295
   180 | 7FFDAB   8388011   0.9999288
   181 | 7FFDA4   8388004   0.9999280
   182 | 7FFD9E   8387998   0.9999273
   183 | 7FFD97   8387991   0.9999264
   184 | 7FFD90   8387984   0.9999256
   185 | 7FFD89   8387977   0.9999248
   186 | 7FFD83   8387971   0.9999241
   187 | 7FFD7C   8387964   0.9999232
   188 | 7FFD75   8387957   0.9999224
   189 | 7FFD6E   8387950   0.9999216
   190 | 7FFD66   8387942   0.9999206
   191 | 7FFD5F   8387935   0.9999198
   192 | 7FFD58   8387928   0.9999189
   193 | 7FFD50   8387920   0.9999180
   194 | 7FFD49   8387913   0.9999171
   195 | 7FFD41   8387905   0.9999162
   196 | 7FFD3A   8387898   0.9999154
   197 | 7FFD32   8387890   0.9999144
   198 | 7FFD2A   8387882   0.9999135
   199 | 7FFD22   8387874   0.9999125
   200 | 7FFD1A   8387866   0.9999115
   201 | 7FFD12   8387858   0.9999106
   202 | 7FFD0A   8387850   0.9999096
   203 | 7FFD02   8387842   0.9999087
   204 | 7FFCF9   8387833   0.9999076
   205 | 7FFCF1   8387825   0.9999067
   206 | 7FFCE8   8387816   0.9999056
   207 | 7FFCE0   8387808   0.9999046
   208 | 7FFCD7   8387799   0.9999036
   209 | 7FFCCE   8387790   0.9999025
   210 | 7FFCC5   8387781   0.9999014
   211 | 7FFCBC   8387772   0.9999003
   212 | 7FFCB3   8387763   0.9998993
   213 | 7FFCAA   8387754   0.9998982
   214 | 7FFCA1   8387745   0.9998971
   215 | 7FFC97   8387735   0.9998959
   216 | 7FFC8E   8387726   0.9998949
   217 | 7FFC84   8387716   0.9998937
   218 | 7FFC7B   8387707   0.9998926
   219 | 7FFC71   8387697   0.9998914
   220 | 7FFC67   8387687   0.9998902
   221 | 7FFC5D   8387677   0.9998890
   222 | 7FFC53   8387667   0.9998878
   223 | 7FFC48   8387656   0.9998865
   224 | 7FFC3E   8387646   0.9998853
   225 | 7FFC34   8387636   0.9998841
   226 | 7FFC29   8387625   0.9998828
   227 | 7FFC1E   8387614   0.9998815
   228 | 7FFC14   8387604   0.9998803
   229 | 7FFC09   8387593   0.9998790
   230 | 7FFBFE   8387582   0.9998777
   231 | 7FFBF2   8387570   0.9998763
   232 | 7FFBE7   8387559   0.9998749
   233 | 7FFBDC   8387548   0.9998736
   234 | 7FFBD0   8387536   0.9998722
   235 | 7FFBC4   8387524   0.9998708
   236 | 7FFBB9   8387513   0.9998695
   237 | 7FFBAD   8387501   0.9998680
   238 | 7FFBA1   8387489   0.9998666
   239 | 7FFB94   8387476   0.9998651
   240 | 7FFB88   8387464   0.9998636
   241 | 7FFB7C   8387452   0.9998622
   242 | 7FFB6F   8387439   0.9998606
   243 | 7FFB62   8387426   0.9998591
   244 | 7FFB55   8387413   0.9998575
   245 | 7FFB48   8387400   0.9998560
   246 | 7FFB3B   8387387   0.9998544
   247 | 7FFB2E   8387374   0.9998529
   248 | 7FFB21   8387361   0.9998513
   249 | 7FFB13   8387347   0.9998497
   250 | 7FFB05   8387333   0.9998480
   251 | 7FFAF7   8387319   0.9998463
   252 | 7FFAE9   8387305   0.9998447
   253 | 7FFADB   8387291   0.9998430
   254 | 7FFACD   8387277   0.9998413
   255 | 7FFABE   8387262   0.9998395
   256 | 7FFAB0   8387248   0.9998379
   257 | 7FFAA1   8387233   0.9998361
   258 | 7FFA92   8387218   0.9998343
   259 | 7FFA83   8387203   0.9998325
   260 | 7FFA73   8387187   0.9998306
   261 | 7FFA64   8387172   0.9998288
   262 | 7FFA54   8387156   0.9998269
   263 | 7FFA45   8387141   0.9998251
   264 | 7FFA35   8387125   0.9998232
   265 | 7FFA24   8387108   0.9998212
   266 | 7FFA14   8387092   0.9998193
   267 | 7FFA04   8387076   0.9998174
   268 | 7FF9F3   8387059   0.9998153
   269 | 7FF9E2   8387042   0.9998133
   270 | 7FF9D1   8387025   0.9998113
   271 | 7FF9C0   8387008   0.9998093
   272 | 7FF9AE   8386990   0.9998071
   273 | 7FF99D   8386973   0.9998051
   274 | 7FF98B   8386955   0.9998029
   275 | 7FF979   8386937   0.9998008
   276 | 7FF967   8386919   0.9997987
   277 | 7FF954   8386900   0.9997964
   278 | 7FF942   8386882   0.9997942
   279 | 7FF92F   8386863   0.9997920
   280 | 7FF91C   8386844   0.9997897
   281 | 7FF909   8386825   0.9997874
   282 | 7FF8F5   8386805   0.9997851
   283 | 7FF8E2   8386786   0.9997828
   284 | 7FF8CE   8386766   0.9997804
   285 | 7FF8BA   8386746   0.9997780
   286 | 7FF8A5   8386725   0.9997755
   287 | 7FF891   8386705   0.9997731
   288 | 7FF87C   8386684   0.9997706
   289 | 7FF867   8386663   0.9997681
   290 | 7FF852   8386642   0.9997656
   291 | 7FF83D   8386621   0.9997631
   292 | 7FF827   8386599   0.9997605
   293 | 7FF811   8386577   0.9997579
   294 | 7FF7FB   8386555   0.9997553
   295 | 7FF7E5   8386533   0.9997526
   296 | 7FF7CE   8386510   0.9997499
   297 | 7FF7B7   8386487   0.9997472
   298 | 7FF7A0   8386464   0.9997444
   299 | 7FF789   8386441   0.9997417
   300 | 7FF771   8386417   0.9997388
   301 | 7FF759   8386393   0.9997360
   302 | 7FF741   8386369   0.9997331
   303 | 7FF729   8386345   0.9997302
   304 | 7FF710   8386320   0.9997272
   305 | 7FF6F7   8386295   0.9997243
   306 | 7FF6DE   8386270   0.9997213
   307 | 7FF6C5   8386245   0.9997183
   308 | 7FF6AB   8386219   0.9997152
   309 | 7FF691   8386193   0.9997121
   310 | 7FF677   8386167   0.9997090
   311 | 7FF65C   8386140   0.9997058
   312 | 7FF641   8386113   0.9997026
   313 | 7FF626   8386086   0.9996994
   314 | 7FF60B   8386059   0.9996961
   315 | 7FF5EF   8386031   0.9996928
   316 | 7FF5D3   8386003   0.9996895
   317 | 7FF5B6   8385974   0.9996860
   318 | 7FF59A   8385946   0.9996827
   319 | 7FF57D   8385917   0.9996792
   320 | 7FF55F   8385887   0.9996756
   321 | 7FF542   8385858   0.9996722
   322 | 7FF524   8385828   0.9996686
   323 | 7FF506   8385798   0.9996650
   324 | 7FF4E7   8385767   0.9996613
   325 | 7FF4C8   8385736   0.9996576
   326 | 7FF4A9   8385705   0.9996539
   327 | 7FF489   8385673   0.9996501
   328 | 7FF469   8385641   0.9996463
   329 | 7FF449   8385609   0.9996425
   330 | 7FF428   8385576   0.9996386
   331 | 7FF407   8385543   0.9996346
   332 | 7FF3E6   8385510   0.9996307
   333 | 7FF3C4   8385476   0.9996266
   334 | 7FF3A2   8385442   0.9996226
   335 | 7FF380   8385408   0.9996185
   336 | 7FF35D   8385373   0.9996144
   337 | 7FF339   8385337   0.9996101
   338 | 7FF316   8385302   0.9996059
   339 | 7FF2F2   8385266   0.9996016
   340 | 7FF2CD   8385229   0.9995972
   341 | 7FF2A9   8385193   0.9995929
   342 | 7FF284   8385156   0.9995885
   343 | 7FF25E   8385118   0.9995840
   344 | 7FF238   8385080   0.9995794
   345 | 7FF211   8385041   0.9995748
   346 | 7FF1EB   8385003   0.9995703
   347 | 7FF1C3   8384963   0.9995655
   348 | 7FF19C   8384924   0.9995608
   349 | 7FF174   8384884   0.9995561
   350 | 7FF14B   8384843   0.9995512
   351 | 7FF122   8384802   0.9995463
   352 | 7FF0F9   8384761   0.9995414
   353 | 7FF0CF   8384719   0.9995364
   354 | 7FF0A4   8384676   0.9995313
   355 | 7FF07A   8384634   0.9995263
   356 | 7FF04E   8384590   0.9995210
   357 | 7FF023   8384547   0.9995159
   358 | 7FEFF6   8384502   0.9995105
   359 | 7FEFCA   8384458   0.9995053
   360 | 7FEF9C   8384412   0.9994998
   361 | 7FEF6F   8384367   0.9994944
   362 | 7FEF41   8384321   0.9994889
   363 | 7FEF12   8384274   0.9994833
   364 | 7FEEE3   8384227   0.9994777
   365 | 7FEEB3   8384179   0.9994720
   366 | 7FEE83   8384131   0.9994663
   367 | 7FEE52   8384082   0.9994605
   368 | 7FEE21   8384033   0.9994546
   369 | 7FEDEF   8383983   0.9994487
   370 | 7FEDBD   8383933   0.9994427
   371 | 7FED8A   8383882   0.9994366
   372 | 7FED56   8383830   0.9994304
   373 | 7FED22   8383778   0.9994242
   374 | 7FECEE   8383726   0.9994180
   375 | 7FECB8   8383672   0.9994116
   376 | 7FEC83   8383619   0.9994053
   377 | 7FEC4C   8383564   0.9993987
   378 | 7FEC15   8383509   0.9993922
   379 | 7FEBDE   8383454   0.9993856
   380 | 7FEBA6   8383398   0.9993789
   381 | 7FEB6D   8383341   0.9993721
   382 | 7FEB34   8383284   0.9993653
   383 | 7FEAFA   8383226   0.9993584
   384 | 7FEABF   8383167   0.9993514
   385 | 7FEA84   8383108   0.9993443
   386 | 7FEA48   8383048   0.9993372
   387 | 7FEA0B   8382987   0.9993299
   388 | 7FE9CE   8382926   0.9993227
   389 | 7FE990   8382864   0.9993153
   390 | 7FE952   8382802   0.9993079
   391 | 7FE913   8382739   0.9993004
   392 | 7FE8D3   8382675   0.9992927
   393 | 7FE892   8382610   0.9992850
   394 | 7FE851   8382545   0.9992772
   395 | 7FE80F   8382479   0.9992694
   396 | 7FE7CC   8382412   0.9992614
   397 | 7FE789   8382345   0.9992534
   398 | 7FE744   8382276   0.9992452
   399 | 7FE700   8382208   0.9992371
   400 | 7FE6BA   8382138   0.9992287
   401 | 7FE673   8382067   0.9992203
   402 | 7FE62C   8381996   0.9992118
   403 | 7FE5E4   8381924   0.9992032
   404 | 7FE59B   8381851   0.9991945
   405 | 7FE552   8381778   0.9991858
   406 | 7FE507   8381703   0.9991769
   407 | 7FE4BC   8381628   0.9991679
   408 | 7FE470   8381552   0.9991589
   409 | 7FE424   8381476   0.9991498
   410 | 7FE3D6   8381398   0.9991405
   411 | 7FE387   8381319   0.9991311
   412 | 7FE338   8381240   0.9991217
   413 | 7FE2E8   8381160   0.9991121
   414 | 7FE297   8381079   0.9991025
   415 | 7FE245   8380997   0.9990927
   416 | 7FE1F2   8380914   0.9990828
   417 | 7FE19E   8380830   0.9990728
   418 | 7FE149   8380745   0.9990627
   419 | 7FE0F4   8380660   0.9990525
   420 | 7FE09D   8380573   0.9990422
   421 | 7FE046   8380486   0.9990318
   422 | 7FDFED   8380397   0.9990212
   423 | 7FDF94   8380308   0.9990106
   424 | 7FDF3A   8380218   0.9989998
   425 | 7FDEDE   8380126   0.9989889
   426 | 7FDE82   8380034   0.9989779
   427 | 7FDE25   8379941   0.9989668
   428 | 7FDDC6   8379846   0.9989555
   429 | 7FDD67   8379751   0.9989442
   430 | 7FDD06   8379654   0.9989326
   431 | 7FDCA5   8379557   0.9989210
   432 | 7FDC42   8379458   0.9989092
   433 | 7FDBDF   8379359   0.9988974
   434 | 7FDB7A   8379258   0.9988854
   435 | 7FDB14   8379156   0.9988732
   436 | 7FDAAD   8379053   0.9988610
   437 | 7FDA45   8378949   0.9988486
   438 | 7FD9DC   8378844   0.9988360
   439 | 7FD972   8378738   0.9988234
   440 | 7FD906   8378630   0.9988105
   441 | 7FD89A   8378522   0.9987977
   442 | 7FD82C   8378412   0.9987845
   443 | 7FD7BD   8378301   0.9987713
   444 | 7FD74D   8378189   0.9987580
   445 | 7FD6DB   8378075   0.9987444
   446 | 7FD669   8377961   0.9987308
   447 | 7FD5F5   8377845   0.9987170
   448 | 7FD57F   8377727   0.9987029
   449 | 7FD509   8377609   0.9986888
   450 | 7FD491   8377489   0.9986745
   451 | 7FD418   8377368   0.9986601
   452 | 7FD39E   8377246   0.9986455
   453 | 7FD322   8377122   0.9986308
   454 | 7FD2A5   8376997   0.9986159
   455 | 7FD227   8376871   0.9986008
   456 | 7FD1A7   8376743   0.9985856
   457 | 7FD126   8376614   0.9985702
   458 | 7FD0A3   8376483   0.9985546
   459 | 7FD01F   8376351   0.9985389
   460 | 7FCF9A   8376218   0.9985230
   461 | 7FCF13   8376083   0.9985069
   462 | 7FCE8B   8375947   0.9984907
   463 | 7FCE01   8375809   0.9984742
   464 | 7FCD75   8375669   0.9984576
   465 | 7FCCE8   8375528   0.9984407
   466 | 7FCC5A   8375386   0.9984238
   467 | 7FCBCA   8375242   0.9984066
   468 | 7FCB39   8375097   0.9983894
   469 | 7FCAA6   8374950   0.9983718
   470 | 7FCA11   8374801   0.9983541
   471 | 7FC97B   8374651   0.9983362
   472 | 7FC8E3   8374499   0.9983181
   473 | 7FC849   8374345   0.9982997
   474 | 7FC7AE   8374190   0.9982812
   475 | 7FC711   8374033   0.9982625
   476 | 7FC672   8373874   0.9982436
   477 | 7FC5D2   8373714   0.9982245
   478 | 7FC530   8373552   0.9982052
   479 | 7FC48C   8373388   0.9981856
   480 | 7FC3E6   8373222   0.9981658
   481 | 7FC33F   8373055   0.9981459
   482 | 7FC295   8372885   0.9981257
   483 | 7FC1EA   8372714   0.9981053
   484 | 7FC13D   8372541   0.9980847
   485 | 7FC08E   8372366   0.9980638
   486 | 7FBFDD   8372189   0.9980427
   487 | 7FBF2B   8372011   0.9980215
   488 | 7FBE76   8371830   0.9979999
   489 | 7FBDBF   8371647   0.9979781
   490 | 7FBD07   8371463   0.9979562
   491 | 7FBC4C   8371276   0.9979339
   492 | 7FBB8F   8371087   0.9979113
   493 | 7FBAD1   8370897   0.9978887
   494 | 7FBA10   8370704   0.9978657
   495 | 7FB94D   8370509   0.9978424
   496 | 7FB888   8370312   0.9978189
   497 | 7FB7C1   8370113   0.9977952
   498 | 7FB6F7   8369911   0.9977711
   499 | 7FB62C   8369708   0.9977469
   500 | 7FB55E   8369502   0.9977224
   501 | 7FB48E   8369294   0.9976976
   502 | 7FB3BC   8369084   0.9976726
   503 | 7FB2E7   8368871   0.9976472
   504 | 7FB211   8368657   0.9976217
   505 | 7FB137   8368439   0.9975957
   506 | 7FB05C   8368220   0.9975696
   507 | 7FAF7E   8367998   0.9975431
   508 | 7FAE9E   8367774   0.9975164
   509 | 7FADBB   8367547   0.9974893
   510 | 7FACD6   8367318   0.9974620
   511 | 7FABEE   8367086   0.9974344
   512 | 7FAB04   8366852   0.9974065
   513 | 7FAA17   8366615   0.9973782
   514 | 7FA927   8366375   0.9973496
   515 | 7FA835   8366133   0.9973208
   516 | 7FA741   8365889   0.9972917
   517 | 7FA64A   8365642   0.9972622
   518 | 7FA550   8365392   0.9972324
   519 | 7FA453   8365139   0.9972023
   520 | 7FA353   8364883   0.9971718
   521 | 7FA251   8364625   0.9971410
   522 | 7FA14C   8364364   0.9971099
   523 | 7FA044   8364100   0.9970784
   524 | 7F9F3A   8363834   0.9970467
   525 | 7F9E2C   8363564   0.9970145
   526 | 7F9D1B   8363291   0.9969820
   527 | 7F9C08   8363016   0.9969492
   528 | 7F9AF1   8362737   0.9969159
   529 | 7F99D8   8362456   0.9968824
   530 | 7F98BB   8362171   0.9968485
   531 | 7F979B   8361883   0.9968141
   532 | 7F9679   8361593   0.9967796
   533 | 7F9553   8361299   0.9967445
   534 | 7F9429   8361001   0.9967090
   535 | 7F92FD   8360701   0.9966732
   536 | 7F91CD   8360397   0.9966370
   537 | 7F909A   8360090   0.9966004
   538 | 7F8F64   8359780   0.9965634
   539 | 7F8E2A   8359466   0.9965260
   540 | 7F8CED   8359149   0.9964882
   541 | 7F8BAC   8358828   0.9964499
   542 | 7F8A68   8358504   0.9964113
   543 | 7F8921   8358177   0.9963723
   544 | 7F87D5   8357845   0.9963328
   545 | 7F8687   8357511   0.9962929
   546 | 7F8534   8357172   0.9962525
   547 | 7F83DE   8356830   0.9962118
   548 | 7F8284   8356484   0.9961705
   549 | 7F8127   8356135   0.9961289
   550 | 7F7FC5   8355781   0.9960867
   551 | 7F7E60   8355424   0.9960442
   552 | 7F7CF7   8355063   0.9960011
   553 | 7F7B8A   8354698   0.9959576
   554 | 7F7A19   8354329   0.9959136
   555 | 7F78A4   8353956   0.9958692
   556 | 7F772B   8353579   0.9958242
   557 | 7F75AE   8353198   0.9957788
   558 | 7F742C   8352812   0.9957328
   559 | 7F72A7   8352423   0.9956864
   560 | 7F711D   8352029   0.9956394
   561 | 7F6F8F   8351631   0.9955920
   562 | 7F6DFD   8351229   0.9955441
   563 | 7F6C66   8350822   0.9954956
   564 | 7F6ACB   8350411   0.9954466
   565 | 7F692B   8349995   0.9953970
   566 | 7F6787   8349575   0.9953469
   567 | 7F65DE   8349150   0.9952962
   568 | 7F6431   8348721   0.9952451
   569 | 7F627F   8348287   0.9951934
   570 | 7F60C8   8347848   0.9951410
   571 | 7F5F0D   8347405   0.9950882
   572 | 7F5D4D   8346957   0.9950348
   573 | 7F5B87   8346503   0.9949807
   574 | 7F59BD   8346045   0.9949261
   575 | 7F57EE   8345582   0.9948709
   576 | 7F561A   8345114   0.9948151
   577 | 7F5441   8344641   0.9947587
   578 | 7F5263   8344163   0.9947017
   579 | 7F507F   8343679   0.9946440
   580 | 7F4E96   8343190   0.9945858
   581 | 7F4CA8   8342696   0.9945269
   582 | 7F4AB5   8342197   0.9944674
   583 | 7F48BC   8341692   0.9944072
   584 | 7F46BD   8341181   0.9943463
   585 | 7F44B9   8340665   0.9942847
   586 | 7F42B0   8340144   0.9942226
   587 | 7F40A1   8339617   0.9941598
   588 | 7F3E8C   8339084   0.9940963
   589 | 7F3C71   8338545   0.9940320
   590 | 7F3A50   8338000   0.9939671
   591 | 7F382A   8337450   0.9939015
   592 | 7F35FD   8336893   0.9938351
   593 | 7F33CB   8336331   0.9937681
   594 | 7F3192   8335762   0.9937003
   595 | 7F2F53   8335187   0.9936317
   596 | 7F2D0E   8334606   0.9935625
   597 | 7F2AC3   8334019   0.9934925
   598 | 7F2871   8333425   0.9934217
   599 | 7F2619   8332825   0.9933501
   600 | 7F23BA   8332218   0.9932778
   601 | 7F2155   8331605   0.9932047
   602 | 7F1EE9   8330985   0.9931308
   603 | 7F1C76   8330358   0.9930561
   604 | 7F19FC   8329724   0.9929805
   605 | 7F177C   8329084   0.9929042
   606 | 7F14F4   8328436   0.9928269
   607 | 7F1266   8327782   0.9927490
   608 | 7F0FD0   8327120   0.9926701
   609 | 7F0D34   8326452   0.9925904
   610 | 7F0A90   8325776   0.9925098
   611 | 7F07E4   8325092   0.9924283
   612 | 7F0532   8324402   0.9923460
   613 | 7F0277   8323703   0.9922627
   614 | 7EFFB6   8322998   0.9921787
   615 | 7EFCEC   8322284   0.9920936
   616 | 7EFA1B   8321563   0.9920076
   617 | 7EF742   8320834   0.9919207
   618 | 7EF461   8320097   0.9918329
   619 | 7EF178   8319352   0.9917440
   620 | 7EEE87   8318599   0.9916543
   621 | 7EEB8D   8317837   0.9915634
   622 | 7EE88C   8317068   0.9914718
   623 | 7EE582   8316290   0.9913790
   624 | 7EE270   8315504   0.9912853
   625 | 7EDF55   8314709   0.9911906
   626 | 7EDC31   8313905   0.9910947
   627 | 7ED905   8313093   0.9909979
   628 | 7ED5D0   8312272   0.9909000
   629 | 7ED292   8311442   0.9908011
   630 | 7ECF4B   8310603   0.9907011
   631 | 7ECBFB   8309755   0.9906000
   632 | 7EC8A1   8308897   0.9904977
   633 | 7EC53F   8308031   0.9903945
   634 | 7EC1D3   8307155   0.9902900
   635 | 7EBE5D   8306269   0.9901844
   636 | 7EBADE   8305374   0.9900777
   637 | 7EB755   8304469   0.9899698
   638 | 7EB3C3   8303555   0.9898609
   639 | 7EB026   8302630   0.9897506
   640 | 7EAC80   8301696   0.9896393
   641 | 7EA8CF   8300751   0.9895266
   642 | 7EA514   8299796   0.9894128
   643 | 7EA14E   8298830   0.9892976
   644 | 7E9D7F   8297855   0.9891814
   645 | 7E99A4   8296868   0.9890637
   646 | 7E95BF   8295871   0.9889449
   647 | 7E91CF   8294863   0.9888247
   648 | 7E8DD4   8293844   0.9887033
   649 | 7E89CE   8292814   0.9885805
   650 | 7E85BD   8291773   0.9884564
   651 | 7E81A1   8290721   0.9883310
   652 | 7E7D79   8289657   0.9882041
   653 | 7E7945   8288581   0.9880759
   654 | 7E7506   8287494   0.9879463
   655 | 7E70BC   8286396   0.9878154
   656 | 7E6C65   8285285   0.9876829
   657 | 7E6802   8284162   0.9875491
   658 | 7E6393   8283027   0.9874138
   659 | 7E5F18   8281880   0.9872770
   660 | 7E5A90   8280720   0.9871387
   661 | 7E55FC   8279548   0.9869990
   662 | 7E515B   8278363   0.9868578
   663 | 7E4CAD   8277165   0.9867150
   664 | 7E47F2   8275954   0.9865706
   665 | 7E432A   8274730   0.9864247
   666 | 7E3E55   8273493   0.9862772
   667 | 7E3973   8272243   0.9861282
   668 | 7E3482   8270978   0.9859774
   669 | 7E2F85   8269701   0.9858252
   670 | 7E2A79   8268409   0.9856712
   671 | 7E255F   8267103   0.9855155
   672 | 7E2037   8265783   0.9853581
   673 | 7E1B01   8264449   0.9851991
   674 | 7E15BD   8263101   0.9850384
   675 | 7E1069   8261737   0.9848758
   676 | 7E0B07   8260359   0.9847115
   677 | 7E0596   8258966   0.9845455
   678 | 7E0016   8257558   0.9843776
   679 | 7DFA87   8256135   0.9842080
   680 | 7DF4E8   8254696   0.9840364
   681 | 7DEF3A   8253242   0.9838631
   682 | 7DE97C   8251772   0.9836879
   683 | 7DE3AE   8250286   0.9835107
   684 | 7DDDD0   8248784   0.9833317
   685 | 7DD7E2   8247266   0.9831507
   686 | 7DD1E3   8245731   0.9829677
   687 | 7DCBD4   8244180   0.9827828
   688 | 7DC5B4   8242612   0.9825959
   689 | 7DBF83   8241027   0.9824070
   690 | 7DB940   8239424   0.9822159
   691 | 7DB2ED   8237805   0.9820229
   692 | 7DAC87   8236167   0.9818276
   693 | 7DA611   8234513   0.9816304
   694 | 7D9F88   8232840   0.9814310
   695 | 7D98ED   8231149   0.9812294
   696 | 7D9240   8229440   0.9810257
   697 | 7D8B80   8227712   0.9808197
   698 | 7D84AE   8225966   0.9806116
   699 | 7D7DC8   8224200   0.9804010
   700 | 7D76D0   8222416   0.9801884
   701 | 7D6FC4   8220612   0.9799733
   702 | 7D68A5   8218789   0.9797560
   703 | 7D6172   8216946   0.9795363
   704 | 7D5A2C   8215084   0.9793143
   705 | 7D52D1   8213201   0.9790899
   706 | 7D4B61   8211297   0.9788629
   707 | 7D43DE   8209374   0.9786336
   708 | 7D3C45   8207429   0.9784018
   709 | 7D3497   8205463   0.9781674
   710 | 7D2CD4   8203476   0.9779305
   711 | 7D24FC   8201468   0.9776912
   712 | 7D1D0E   8199438   0.9774492
   713 | 7D150A   8197386   0.9772046
   714 | 7D0CEF   8195311   0.9769572
   715 | 7D04BF   8193215   0.9767073
   716 | 7CFC77   8191095   0.9764546
   717 | 7CF419   8188953   0.9761993
   718 | 7CEBA4   8186788   0.9759412
   719 | 7CE317   8184599   0.9756802
   720 | 7CDA73   8182387   0.9754165
   721 | 7CD1B7   8180151   0.9751500
   722 | 7CC8E2   8177890   0.9748805
   723 | 7CBFF5   8175605   0.9746081
   724 | 7CB6F0   8173296   0.9743328
   725 | 7CADD1   8170961   0.9740545
   726 | 7CA49A   8168602   0.9737732
   727 | 7C9B49   8166217   0.9734889
   728 | 7C91DE   8163806   0.9732015
   729 | 7C8859   8161369   0.9729110
   730 | 7C7EBA   8158906   0.9726174
   731 | 7C7500   8156416   0.9723206
   732 | 7C6B2C   8153900   0.9720206
   733 | 7C613C   8151356   0.9717174
   734 | 7C5731   8148785   0.9714109
   735 | 7C4D0A   8146186   0.9711010
   736 | 7C42C7   8143559   0.9707879
   737 | 7C3868   8140904   0.9704714
   738 | 7C2DEC   8138220   0.9701514
   739 | 7C2353   8135507   0.9698280
   740 | 7C189D   8132765   0.9695011
   741 | 7C0DCA   8129994   0.9691708
   742 | 7C02D9   8127193   0.9688369
   743 | 7BF7C9   8124361   0.9684993
   744 | 7BEC9B   8121499   0.9681581
   745 | 7BE14E   8118606   0.9678133
   746 | 7BD5E2   8115682   0.9674647
   747 | 7BCA56   8112726   0.9671123
   748 | 7BBEAB   8109739   0.9667562
   749 | 7BB2DF   8106719   0.9663962
   750 | 7BA6F3   8103667   0.9660324
   751 | 7B9AE6   8100582   0.9656646
   752 | 7B8EB8   8097464   0.9652929
   753 | 7B8269   8094313   0.9649173
   754 | 7B75F7   8091127   0.9645375
   755 | 7B6963   8087907   0.9641536
   756 | 7B5CAD   8084653   0.9637657
   757 | 7B4FD3   8081363   0.9633735
   758 | 7B42D6   8078038   0.9629772
   759 | 7B35B6   8074678   0.9625766
   760 | 7B2871   8071281   0.9621717
   761 | 7B1B08   8067848   0.9617624
   762 | 7B0D79   8064377   0.9613487
   763 | 7AFFC6   8060870   0.9609306
   764 | 7AF1ED   8057325   0.9605080
   765 | 7AE3ED   8053741   0.9600807
   766 | 7AD5C8   8050120   0.9596491
   767 | 7AC77B   8046459   0.9592127
   768 | 7AB907   8042759   0.9587716
   769 | 7AAA6B   8039019   0.9583257
   770 | 7A9BA8   8035240   0.9578753
   771 | 7A8CBB   8031419   0.9574198
   772 | 7A7DA6   8027558   0.9569595
   773 | 7A6E67   8023655   0.9564942
   774 | 7A5EFE   8019710   0.9560239
   775 | 7A4F6B   8015723   0.9555486
   776 | 7A3FAE   8011694   0.9550683
   777 | 7A2FC5   8007621   0.9545828
   778 | 7A1FB0   8003504   0.9540920
   779 | 7A0F6F   7999343   0.9535960
   780 | 79FF02   7995138   0.9530947
   781 | 79EE67   7990887   0.9525880
   782 | 79DD9F   7986591   0.9520758
   783 | 79CCA9   7982249   0.9515582
   784 | 79BB85   7977861   0.9510351
   785 | 79AA32   7973426   0.9505064
   786 | 7998AF   7968943   0.9499720
   787 | 7986FC   7964412   0.9494319
   788 | 797518   7959832   0.9488859
   789 | 796304   7955204   0.9483342
   790 | 7950BE   7950526   0.9477766
   791 | 793E46   7945798   0.9472129
   792 | 792B9B   7941019   0.9466432
   793 | 7918BE   7936190   0.9460676
   794 | 7905AC   7931308   0.9454856
   795 | 78F267   7926375   0.9448975
   796 | 78DEED   7921389   0.9443032
   797 | 78CB3D   7916349   0.9437023
   798 | 78B758   7911256   0.9430952
   799 | 78A33D   7906109   0.9424816
   800 | 788EEA   7900906   0.9418614
   801 | 787A60   7895648   0.9412346
   802 | 78659E   7890334   0.9406011
   803 | 7850A3   7884963   0.9399608
   804 | 783B6F   7879535   0.9393138
   805 | 782601   7874049   0.9386598
   806 | 781058   7868504   0.9379988
   807 | 77FA74   7862900   0.9373307
   808 | 77E455   7857237   0.9366556
   809 | 77CDF9   7851513   0.9359733
   810 | 77B761   7845729   0.9352838
   811 | 77A08A   7839882   0.9345868
   812 | 778976   7833974   0.9338825
   813 | 777222   7828002   0.9331706
   814 | 775A8F   7821967   0.9324511
   815 | 7742BC   7815868   0.9317241
   816 | 772AA8   7809704   0.9309893
   817 | 771253   7803475   0.9302467
   818 | 76F9BB   7797179   0.9294962
   819 | 76E0E0   7790816   0.9287376
   820 | 76C7C2   7784386   0.9279711
   821 | 76AE60   7777888   0.9271965
   822 | 7694B8   7771320   0.9264135
   823 | 767ACB   7764683   0.9256223
   824 | 766097   7757975   0.9248227
   825 | 76461C   7751196   0.9240146
   826 | 762B5A   7744346   0.9231980
   827 | 76104E   7737422   0.9223726
   828 | 75F4FA   7730426   0.9215386
   829 | 75D95B   7723355   0.9206957
   830 | 75BD71   7716209   0.9198438
   831 | 75A13C   7708988   0.9189830
   832 | 7584BA   7701690   0.9181130
   833 | 7567EA   7694314   0.9172337
   834 | 754ACD   7686861   0.9163452
   835 | 752D61   7679329   0.9154474
   836 | 750FA6   7671718   0.9145401
   837 | 74F19A   7664026   0.9136231
   838 | 74D33C   7656252   0.9126964
   839 | 74B48D   7648397   0.9117600
   840 | 74958B   7640459   0.9108137
   841 | 747634   7632436   0.9098573
   842 | 74568A   7624330   0.9088910
   843 | 743689   7616137   0.9079143
   844 | 741633   7607859   0.9069275
   845 | 73F585   7599493   0.9059302
   846 | 73D47F   7591039   0.9049224
   847 | 73B31F   7582495   0.9039038
   848 | 739166   7573862   0.9028747
   849 | 736F52   7565138   0.9018347
   850 | 734CE3   7556323   0.9007839
   851 | 732A16   7547414   0.8997219
   852 | 7306EC   7538412   0.8986487
   853 | 72E364   7529316   0.8975644
   854 | 72BF7B   7520123   0.8964685
   855 | 729B33   7510835   0.8953613
   856 | 727688   7501448   0.8942423
   857 | 72517C   7491964   0.8931117
   858 | 722C0C   7482380   0.8919692
   859 | 720637   7472695   0.8908147
   860 | 71DFFD   7462909   0.8896481
   861 | 71B95D   7453021   0.8884693
   862 | 719255   7443029   0.8872782
   863 | 716AE4   7432932   0.8860745
   864 | 71430A   7422730   0.8848584
   865 | 711AC5   7412421   0.8836294
   866 | 70F214   7402004   0.8823876
   867 | 70C8F7   7391479   0.8811330
   868 | 709F6C   7380844   0.8798652
   869 | 707572   7370098   0.8785841
   870 | 704B07   7359239   0.8772897
   871 | 70202C   7348268   0.8759818
   872 | 6FF4DE   7337182   0.8746603
   873 | 6FC91D   7325981   0.8733250
   874 | 6F9CE7   7314663   0.8719758
   875 | 6F703B   7303227   0.8706125
   876 | 6F4319   7291673   0.8692352
   877 | 6F157E   7279998   0.8678434
   878 | 6EE76A   7268202   0.8664372
   879 | 6EB8DC   7256284   0.8650165
   880 | 6E89D2   7244242   0.8635809
   881 | 6E5A4B   7232075   0.8621305
   882 | 6E2A47   7219783   0.8606652
   883 | 6DF9C2   7207362   0.8591845
   884 | 6DC8BD   7194813   0.8576885
   885 | 6D9737   7182135   0.8561772
   886 | 6D652D   7169325   0.8546501
   887 | 6D329F   7156383   0.8531073
   888 | 6CFF8B   7143307   0.8515486
   889 | 6CCBF0   7130096   0.8499737
   890 | 6C97CD   7116749   0.8483826
   891 | 6C6321   7103265   0.8467752
   892 | 6C2DE9   7089641   0.8451511
   893 | 6BF825   7075877   0.8435103
   894 | 6BC1D4   7061972   0.8418527
   895 | 6B8AF3   7047923   0.8401779
   896 | 6B5382   7033730   0.8384860
   897 | 6B1B80   7019392   0.8367767
   898 | 6AE2EA   7004906   0.8350499
   899 | 6AA9BF   6990271   0.8333052
   900 | 6A6FFF   6975487   0.8315428
   901 | 6A35A7   6960551   0.8297623
   902 | 69FAB7   6945463   0.8279637
   903 | 69BF2C   6930220   0.8261466
   904 | 698305   6914821   0.8243109
   905 | 694641   6899265   0.8224565
   906 | 6908DF   6883551   0.8205832
   907 | 68CADC   6867676   0.8186908
   908 | 688C37   6851639   0.8167790
   909 | 684CEF   6835439   0.8148478
   910 | 680D02   6819074   0.8128970
   911 | 67CC6F   6802543   0.8109263
   912 | 678B34   6785844   0.8089356
   913 | 674950   6768976   0.8069248
   914 | 6706C0   6751936   0.8048935
   915 | 66C384   6734724   0.8028417
   916 | 667F9A   6717338   0.8007691
   917 | 663AFF   6699775   0.7986754
   918 | 65F5B3   6682035   0.7965606
   919 | 65AFB4   6664116   0.7944245
   920 | 656901   6646017   0.7922670
   921 | 652196   6627734   0.7900875
   922 | 64D974   6609268   0.7878861
   923 | 649098   6590616   0.7856627
   924 | 644700   6571776   0.7834167
   925 | 63FCAC   6552748   0.7811484
   926 | 63B198   6533528   0.7788572
   927 | 6365C3   6514115   0.7765430
   928 | 63192D   6494509   0.7742058
   929 | 62CBD2   6474706   0.7718451
   930 | 627DB1   6454705   0.7694608
   931 | 622EC8   6434504   0.7670527
   932 | 61DF16   6414102   0.7646205
   933 | 618E99   6393497   0.7621642
   934 | 613D4E   6372686   0.7596834
   935 | 60EB35   6351669   0.7571779
   936 | 60984A   6330442   0.7546475
   937 | 60448E   6309006   0.7520921
   938 | 5FEFFD   6287357   0.7495114
   939 | 5F9A95   6265493   0.7469050
   940 | 5F4455   6243413   0.7442728
   941 | 5EED3B   6221115   0.7416147
   942 | 5E9546   6198598   0.7389305
   943 | 5E3C72   6175858   0.7362196
   944 | 5DE2BF   6152895   0.7334822
   945 | 5D8829   6129705   0.7307178
   946 | 5D2CB0   6106288   0.7279263
   947 | 5CD052   6082642   0.7251074
   948 | 5C730C   6058764   0.7222610
   949 | 5C14DC   6034652   0.7193866
   950 | 5BB5C1   6010305   0.7164842
   951 | 5B55B8   5985720   0.7135534
   952 | 5AF4C0   5960896   0.7105942
   953 | 5A92D6   5935830   0.7076061
   954 | 5A2FF8   5910520   0.7045889
   955 | 59CC25   5884965   0.7015425
   956 | 59675A   5859162   0.6984665
   957 | 590196   5833110   0.6953609
   958 | 589AD6   5806806   0.6922252
   959 | 583318   5780248   0.6890593
   960 | 57CA5A   5753434   0.6858628
   961 | 57609A   5726362   0.6826355
   962 | 56F5D6   5699030   0.6793773
   963 | 568A0C   5671436   0.6760879
   964 | 561D3A   5643578   0.6727669
   965 | 55AF5D   5615453   0.6694142
   966 | 554074   5587060   0.6660295
   967 | 54D07C   5558396   0.6626124
   968 | 545F74   5529460   0.6591630
   969 | 53ED58   5500248   0.6556807
   970 | 537A28   5470760   0.6521654
   971 | 5305E0   5440992   0.6486168
   972 | 52907F   5410943   0.6450347
   973 | 521A02   5380610   0.6414187
   974 | 51A268   5349992   0.6377687
   975 | 5129AE   5319086   0.6340845
   976 | 50AFD2   5287890   0.6303656
   977 | 5034D2   5256402   0.6266119
   978 | 4FB8AB   5224619   0.6228231
   979 | 4F3B5C   5192540   0.6189990
   980 | 4EBCE2   5160162   0.6151392
   981 | 4E3D3B   5127483   0.6112436
   982 | 4DBC64   5094500   0.6073117
   983 | 4D3A5D   5061213   0.6033436
   984 | 4CB722   5027618   0.5993388
   985 | 4C32B1   4993713   0.5952970
   986 | 4BAD08   4959496   0.5912180
   987 | 4B2625   4924965   0.5871016
   988 | 4A9E06   4890118   0.5829475
   989 | 4A14A8   4854952   0.5787554
   990 | 498A09   4819465   0.5745250
   991 | 48FE27   4783655   0.5702561
   992 | 487101   4747521   0.5659486
   993 | 47E292   4711058   0.5616019
   994 | 4752DB   4674267   0.5572160
   995 | 46C1D7   4637143   0.5527905
   996 | 462F86   4599686   0.5483253
   997 | 459BE5   4561893   0.5438200
   998 | 4506F1   4523761   0.5392743
   999 | 4470A9   4485289   0.5346881
  1000 | 43D90B   4446475   0.5300611
  1001 | 434014   4407316   0.5253930
  1002 | 42A5C2   4367810   0.5206835
  1003 | 420A13   4327955   0.5159324
  1004 | 416D05   4287749   0.5111395
  1005 | 40CE95   4247189   0.5063044
  1006 | 402EC3   4206275   0.5014271
  1007 | 3F8D8B   4165003   0.4965070
  1008 | 3EEAEC   4123372   0.4915442
  1009 | 3E46E3   4081379   0.4865383
  1010 | 3DA16E   4039022   0.4814889
  1011 | 3CFA8D   3996301   0.4763962
  1012 | 3C523B   3953211   0.4712595
  1013 | 3BA878   3909752   0.4660788
  1014 | 3AFD41   3865921   0.4608537
  1015 | 3A5095   3821717   0.4555842
  1016 | 39A272   3777138   0.4502699
  1017 | 38F2D5   3732181   0.4449106
  1018 | 3841BD   3686845   0.4395062
  1019 | 378F27   3641127   0.4340562
  1020 | 36DB13   3595027   0.4285606
  1021 | 36257E   3548542   0.4230192
  1022 | 356E66   3501670   0.4174316
  1023 | 34B5CA   3454410   0.4117978
  1024 | 33FBA8   3406760   0.4061174
  1025 | 333FFE   3358718   0.4003904
  1026 | 3282CB   3310283   0.3946165
  1027 | 31C40C   3261452   0.3887954
  1028 | 3103C1   3212225   0.3829271
  1029 | 3041E7   3162599   0.3770112
  1030 | 2F7E7E   3112574   0.3710477
  1031 | 2EB983   3062147   0.3650364
  1032 | 2DF2F5   3011317   0.3589770
  1033 | 2D2AD3   2960083   0.3528694
  1034 | 2C611C   2908444   0.3467135
  1035 | 2B95CD   2856397   0.3405091
  1036 | 2AC8E6   2803942   0.3342559
  1037 | 29FA66   2751078   0.3279541
  1038 | 292A4A   2697802   0.3216031
  1039 | 285893   2644115   0.3152031
  1040 | 27853F   2590015   0.3087538
  1041 | 26B04D   2535501   0.3022553
  1042 | 25D9BB   2480571   0.2957071
  1043 | 25018A   2425226   0.2891095
  1044 | 2427B8   2369464   0.2824621
  1045 | 234C44   2313284   0.2757649
  1046 | 226F2D   2256685   0.2690178
  1047 | 219074   2199668   0.2622209
  1048 | 20B016   2142230   0.2553737
  1049 | 1FCE15   2084373   0.2484766
  1050 | 1EEA6E   2026094   0.2415292
  1051 | 1E0522   1967394   0.2345316
  1052 | 1D1E30   1908272   0.2274837
  1053 | 1C3598   1848728   0.2203856
  1054 | 1B4B5A   1788762   0.2132370
  1055 | 1A5F76   1728374   0.2060382
  1056 | 1971EC   1667564   0.1987891
  1057 | 1882BB   1606331   0.1914896
  1058 | 1791E4   1544676   0.1841397
  1059 | 169F67   1482599   0.1767396
  1060 | 15AB44   1420100   0.1692891
  1061 | 14B57C   1357180   0.1617885
  1062 | 13BE0F   1293839   0.1542376
  1063 | 12C4FE   1230078   0.1466367
  1064 | 11CA4A   1165898   0.1389859
  1065 | 10CDF3   1101299   0.1312851
  1066 | 0FCFFA   1036282   0.1235344
  1067 | 0ED060    970848   0.1157341
  1068 | 0DCF26    904998   0.1078842
  1069 | 0CCC4E    838734   0.0999849
  1070 | 0BC7D9    772057   0.0920364
  1071 | 0AC1C8    704968   0.0840387
  1072 | 09BA1D    637469   0.0759922
  1073 | 08B0DA    569562   0.0678971
  1074 | 07A600    501248   0.0597534
  1075 | 069991    432529   0.0515615
  1076 | 058B90    363408   0.0433216
  1077 | 047BFF    293887   0.0350341
  1078 | 036AE0    223968   0.0266991
  1079 | 025836    153654   0.0183170
  1080 | 014403     82947   0.0098881
  1081 | 002E4A     11850   0.0014126
  1082 | FF170E    -59634  -0.0071089
  1083 | FDFE52   -131502  -0.0156763
  1084 | FCE41A   -203750  -0.0242889
  1085 | FBC869   -276375  -0.0329465
  1086 | FAAB42   -349374  -0.0416486
  1087 | F98CAA   -422742  -0.0503948
  1088 | F86CA4   -496476  -0.0591846
  1089 | F74B35   -570571  -0.0680174
  1090 | F62860   -645024  -0.0768929
  1091 | F5042A   -719830  -0.0858104
  1092 | F3DE99   -794983  -0.0947694
  1093 | F2B7B0   -870480  -0.1037693
  1094 | F18F75   -946315  -0.1128095
  1095 | F065ED  -1022483  -0.1218895
  1096 | EF3B1E  -1098978  -0.1310084
  1097 | EE0F0D  -1175795  -0.1401657
  1098 | ECE1C0  -1252928  -0.1493607
  1099 | EBB33E  -1330370  -0.1585925
  1100 | EA838C  -1408116  -0.1678605
  1101 | E952B1  -1486159  -0.1771640
  1102 | E820B4  -1564492  -0.1865020
  1103 | E6ED9C  -1643108  -0.1958737
  1104 | E5B970  -1722000  -0.2052784
  1105 | E48438  -1801160  -0.2147150
  1106 | E34DFB  -1880581  -0.2241827
  1107 | E216C2  -1960254  -0.2336805
  1108 | E0DE94  -2040172  -0.2432075
  1109 | DFA57A  -2120326  -0.2527626
  1110 | DE6B7C  -2200708  -0.2623448
  1111 | DD30A5  -2281307  -0.2719530
  1112 | DBF4FC  -2362116  -0.2815862
  1113 | DAB88C  -2443124  -0.2912431
  1114 | D97B5F  -2524321  -0.3009225
  1115 | D83D7D  -2605699  -0.3106235
  1116 | D6FEF3  -2687245  -0.3203446
  1117 | D5BFCA  -2768950  -0.3300846
  1118 | D4800E  -2850802  -0.3398421
  1119 | D33FCA  -2932790  -0.3496158
  1120 | D1FF09  -3014903  -0.3594044
  1121 | D0BDD7  -3097129  -0.3692065
  1122 | CF7C41  -3179455  -0.3790206
  1123 | CE3A52  -3261870  -0.3888452
  1124 | CCF819  -3344359  -0.3986787
  1125 | CBB5A1  -3426911  -0.4085196
  1126 | CA72F9  -3509511  -0.4183663
  1127 | C9302E  -3592146  -0.4282172
  1128 | C7ED4F  -3674801  -0.4380704
  1129 | C6AA69  -3757463  -0.4479245
  1130 | C5678D  -3840115  -0.4577774
  1131 | C424C8  -3922744  -0.4676275
  1132 | C2E22B  -4005333  -0.4774729
  1133 | C19FC5  -4087867  -0.4873117
  1134 | C05DA8  -4170328  -0.4971418
  1135 | BF1BE3  -4252701  -0.5069615
  1136 | BDDA87  -4334969  -0.5167686
  1137 | BC99A6  -4417114  -0.5265610
  1138 | BB5952  -4499118  -0.5363367
  1139 | BA199C  -4580964  -0.5460935
  1140 | B8DA98  -4662632  -0.5558290
  1141 | B79C59  -4744103  -0.5655411
  1142 | B65EF1  -4825359  -0.5752276
  1143 | B52274  -4906380  -0.5848861
  1144 | B3E6F7  -4987145  -0.5945140
  1145 | B2AC8E  -5067634  -0.6041090
  1146 | B1734E  -5147826  -0.6136687
  1147 | B03B4C  -5227700  -0.6231904
  1148 | AF049E  -5307234  -0.6326716
  1149 | ADCF5B  -5386405  -0.6421095
  1150 | AC9B98  -5465192  -0.6515017
  1151 | AB696D  -5543571  -0.6608452
  1152 | AA38F2  -5621518  -0.6701372
  1153 | A90A3D  -5699011  -0.6793751
  1154 | A7DD68  -5776024  -0.6885557
  1155 | A6B28B  -5852533  -0.6976763
  1156 | A589C0  -5928512  -0.7067337
  1157 | A4631F  -6003937  -0.7157251
  1158 | A33EC3  -6078781  -0.7246472
  1159 | A21CC6  -6153018  -0.7334969
  1160 | A0FD43  -6226621  -0.7422711
  1161 | 9FE056  -6299562  -0.7509663
  1162 | 9EC619  -6371815  -0.7595795
  1163 | 9DAEAA  -6443350  -0.7681072
  1164 | 9C9A25  -6514139  -0.7765459
  1165 | 9B88A6  -6584154  -0.7848923
  1166 | 9A7A4B  -6653365  -0.7931429
  1167 | 996F33  -6721741  -0.8012940
  1168 | 98677A  -6789254  -0.8093421
  1169 | 976341  -6855871  -0.8172835
  1170 | 9662A5  -6921563  -0.8251146
  1171 | 9565C8  -6986296  -0.8328314
  1172 | 946CC7  -7050041  -0.8404304
  1173 | 9377C5  -7112763  -0.8479074
  1174 | 9286E1  -7174431  -0.8552588
  1175 | 919A3D  -7235011  -0.8624805
  1176 | 90B1FB  -7294469  -0.8695685
  1177 | 8FCE3B  -7352773  -0.8765188
  1178 | 8EEF22  -7409886  -0.8833272
  1179 | 8E14D0  -7465776  -0.8899899
  1180 | 8D3F6A  -7520406  -0.8965023
  1181 | 8C6F12  -7573742  -0.9028604
  1182 | 8BA3ED  -7625747  -0.9090599
  1183 | 8ADE1E  -7676386  -0.9150965
  1184 | 8A1DCB  -7725621  -0.9209658
  1185 | 896317  -7773417  -0.9266635
  1186 | 88AE28  -7819736  -0.9321852
  1187 | 87FF24  -7864540  -0.9375262
  1188 | 87562F  -7907793  -0.9426824
  1189 | 86B370  -7949456  -0.9476490
  1190 | 86170D  -7989491  -0.9524215
  1191 | 85812D  -8027859  -0.9569954
  1192 | 84F1F7  -8064521  -0.9613658
  1193 | 846990  -8099440  -0.9655285
  1194 | 83E821  -8132575  -0.9694785
  1195 | 836DD0  -8163888  -0.9732113
  1196 | 82FAC6  -8193338  -0.9767220
  1197 | 828F29  -8220887  -0.9800061
  1198 | 822B23  -8246493  -0.9830586
  1199 | 81CED9  -8270119  -0.9858750
  1200 | 817A75  -8291723  -0.9884504
