# Table: DPRO_BBOX_table1
# Source: P-memory image dsp1_pmem.bin
# Base address: P:$10750c
# Length: 256 words (768 bytes)
# Notes: DPRO-BBOX table 1 (referenced by m7).
#
  +$0000: 000000 000000 000000 000000 000000 000000 000000 000000
  +$0008: 000000 000000 000000 000000 000000 000000 000000 000000
  +$0010: 000000 000000 000000 000000 000000 000000 000000 000000
  +$0018: 000000 000000 000000 000000 000000 000000 000000 000000
  +$0020: 000000 000000 000000 000000 000000 000000 000000 000000
  +$0028: 000000 000000 000000 000000 000000 000000 000000 000000
  +$0030: 000000 000000 000000 000000 000000 000000 000000 000000
  +$0038: 000000 000000 000000 000000 000000 000000 000000 000000
  +$0040: 000000 000000 000000 000000 000000 000000 000000 000000
  +$0048: 000000 000000 000000 000000 000000 000000 000000 000000
  +$0050: 000000 000000 000000 000000 000000 000000 000000 000000
  +$0058: 000000 000000 000000 000000 000000 000000 000000 000000
  +$0060: 000000 000000 000000 000000 000000 000000 000000 000000
  +$0068: 000000 000000 000000 000000 000000 000000 000000 000000
  +$0070: 000000 000000 000000 000000 000000 000000 000000 000000
  +$0078: 000000 000000 000000 000000 000000 000000 000000 000000
  +$0080: 000000 000000 000000 000000 000000 000000 000000 000000
  +$0088: 000000 000000 000000 000000 000000 000000 000000 000000
  +$0090: 000000 000000 000000 000000 000000 000000 000000 000000
  +$0098: 000000 000000 000000 000000 000000 000000 000000 000000
  +$00a0: 000000 000000 000000 000000 000000 000000 000000 000000
  +$00a8: 000000 000000 000000 000000 000000 000000 000000 000000
  +$00b0: 000000 000000 000000 000000 000000 000000 000000 000000
  +$00b8: 000000 000000 000000 000000 000000 000000 000000 000000
  +$00c0: 000000 000000 000000 000000 000000 000000 000000 000000
  +$00c8: 000000 000000 000000 000000 000000 000000 000000 000000
  +$00d0: 000000 000000 000000 000000 000000 000000 000000 000000
  +$00d8: 000000 000000 000000 000000 000000 000000 000000 000000
  +$00e0: 000000 000000 000000 000000 000000 000000 000000 000000
  +$00e8: 000000 000000 000000 000000 000000 000000 000000 000000
  +$00f0: 000000 000000 000000 000000 000000 000000 000000 000000
  +$00f8: 000000 000000 000000 000000 000000 000000 000000 000000
