# Table: SID_wavetable_0_1_full
# Address: P:$140800 (= X/Y:$140800 due to unified SRAM)
# Size: 4096 words (24-bit BE)
# Source: dsp1_pmem.bin (HI08 stream section 3)
# Non-zero: 884/4096
# Previous status: ZERO-IN-IMAGE (but HI08 has 4096 words)

+$0000: 000000 000000 000000 000000 000000 000000 000000 000000
+$0008: 000000 000000 000000 000000 000000 000000 000000 000000
+$0010: 000000 000000 000000 000000 000000 000000 000000 000000
+$0018: 000000 000000 000000 000000 000000 000000 000000 000000
+$0020: 000000 000000 000000 000000 000000 000000 000000 000000
+$0028: 000000 000000 000000 000000 000000 000000 000000 000000
+$0030: 000000 000000 000000 000000 000000 000000 000000 000000
+$0038: 000000 000000 000000 000000 000000 000000 000000 000000
+$0040: 000000 000000 000000 000000 000000 000000 000000 000000
+$0048: 000000 000000 000000 000000 000000 000000 000000 000000
+$0050: 000000 000000 000000 000000 000000 000000 000000 000000
+$0058: 000000 000000 000000 000000 000000 000000 000000 000000
+$0060: 000000 000000 000000 000000 000000 000000 000000 000000
+$0068: 000000 000000 000000 000000 000000 000000 000000 000000
+$0070: 000000 000000 000000 000000 000000 000000 000000 000000
+$0078: 000000 000000 000000 000000 000000 000000 000000 000000
+$0080: 000000 000000 000000 000000 000000 000000 000000 000000
+$0088: 000000 000000 000000 000000 000000 000000 000000 000000
+$0090: 000000 000000 000000 000000 000000 000000 000000 000000
+$0098: 000000 000000 000000 000000 000000 000000 000000 000000
+$00a0: 000000 000000 000000 000000 000000 000000 000000 000000
+$00a8: 000000 000000 000000 000000 000000 000000 000000 000000
+$00b0: 000000 000000 000000 000000 000000 000000 000000 000000
+$00b8: 000000 000000 000000 000000 000000 000000 000000 000000
+$00c0: 000000 000000 000000 000000 000000 000000 000000 000000
+$00c8: 000000 000000 000000 000000 000000 000000 000000 000000
+$00d0: 000000 000000 000000 000000 000000 000000 000000 000000
+$00d8: 000000 000000 000000 000000 000000 000000 000000 000000
+$00e0: 000000 000000 000000 000000 000000 000000 000000 000000
+$00e8: 000000 000000 000000 000000 000000 000000 000000 000000
+$00f0: 000000 000000 000000 000000 000000 000000 000000 000000
+$00f8: 000000 000000 000000 000000 000000 000000 000000 000000
+$0100: 000000 000000 000000 000000 000000 000000 000000 000000
+$0108: 000000 000000 000000 000000 000000 000000 000000 000000
+$0110: 000000 000000 000000 000000 000000 000000 000000 000000
+$0118: 000000 000000 000000 000000 000000 000000 000000 000000
+$0120: 000000 000000 000000 000000 000000 000000 000000 000000
+$0128: 000000 000000 000000 000000 000000 000000 000000 000000
+$0130: 000000 000000 000000 000000 000000 000000 000000 000000
+$0138: 000000 000000 000000 000000 000000 000000 000000 000000
+$0140: 000000 000000 000000 000000 000000 000000 000000 000000
+$0148: 000000 000000 000000 000000 000000 000000 000000 000000
+$0150: 000000 000000 000000 000000 000000 000000 000000 000000
+$0158: 000000 000000 000000 000000 000000 000000 000000 000000
+$0160: 000000 000000 000000 000000 000000 000000 000000 000000
+$0168: 000000 000000 000000 000000 000000 000000 000000 000000
+$0170: 000000 000000 000000 000000 000000 000000 000000 000000
+$0178: 000000 000000 000000 000000 000000 000000 000000 000000
+$0180: 000000 000000 000000 000000 000000 000000 000000 000000
+$0188: 000000 000000 000000 000000 000000 000000 000000 000000
+$0190: 000000 000000 000000 000000 000000 000000 000000 000000
+$0198: 000000 000000 000000 000000 000000 000000 000000 000000
+$01a0: 000000 000000 000000 000000 000000 000000 000000 000000
+$01a8: 000000 000000 000000 000000 000000 000000 000000 000000
+$01b0: 000000 000000 000000 000000 000000 000000 000000 000000
+$01b8: 000000 000000 000000 000000 000000 000000 000000 000000
+$01c0: 000000 000000 000000 000000 000000 000000 000000 000000
+$01c8: 000000 000000 000000 000000 000000 000000 000000 000000
+$01d0: 000000 000000 000000 000000 000000 000000 000000 000000
+$01d8: 000000 000000 000000 000000 000000 000000 000000 000000
+$01e0: 000000 000000 000000 000000 000000 000000 000000 000000
+$01e8: 000000 000000 000000 000000 000000 000000 000000 000000
+$01f0: 000000 000000 000000 000000 000000 000000 000000 000000
+$01f8: 000000 000000 000000 000000 000000 200000 380000 3f0000
+$0200: 000000 000000 000000 000000 000000 000000 000000 000000
+$0208: 000000 000000 000000 000000 000000 000000 000000 000000
+$0210: 000000 000000 000000 000000 000000 000000 000000 000000
+$0218: 000000 000000 000000 000000 000000 000000 000000 000000
+$0220: 000000 000000 000000 000000 000000 000000 000000 000000
+$0228: 000000 000000 000000 000000 000000 000000 000000 000000
+$0230: 000000 000000 000000 000000 000000 000000 000000 000000
+$0238: 000000 000000 000000 000000 000000 000000 000000 000000
+$0240: 000000 000000 000000 000000 000000 000000 000000 000000
+$0248: 000000 000000 000000 000000 000000 000000 000000 000000
+$0250: 000000 000000 000000 000000 000000 000000 000000 000000
+$0258: 000000 000000 000000 000000 000000 000000 000000 000000
+$0260: 000000 000000 000000 000000 000000 000000 000000 000000
+$0268: 000000 000000 000000 000000 000000 000000 000000 000000
+$0270: 000000 000000 000000 000000 000000 000000 000000 000000
+$0278: 000000 000000 000000 000000 000000 000000 000000 000000
+$0280: 000000 000000 000000 000000 000000 000000 000000 000000
+$0288: 000000 000000 000000 000000 000000 000000 000000 000000
+$0290: 000000 000000 000000 000000 000000 000000 000000 000000
+$0298: 000000 000000 000000 000000 000000 000000 000000 000000
+$02a0: 000000 000000 000000 000000 000000 000000 000000 000000
+$02a8: 000000 000000 000000 000000 000000 000000 000000 000000
+$02b0: 000000 000000 000000 000000 000000 000000 000000 000000
+$02b8: 000000 000000 000000 000000 000000 000000 000000 000000
+$02c0: 000000 000000 000000 000000 000000 000000 000000 000000
+$02c8: 000000 000000 000000 000000 000000 000000 000000 000000
+$02d0: 000000 000000 000000 000000 000000 000000 000000 000000
+$02d8: 000000 000000 000000 000000 000000 000000 000000 000000
+$02e0: 000000 000000 000000 000000 000000 000000 000000 000000
+$02e8: 000000 000000 000000 000000 000000 000000 000000 000000
+$02f0: 000000 000000 000000 000000 000000 000000 000000 000000
+$02f8: 000000 000000 000000 400000 000000 400000 400000 5f0000
+$0300: 000000 000000 000000 000000 000000 000000 000000 000000
+$0308: 000000 000000 000000 000000 000000 000000 000000 000000
+$0310: 000000 000000 000000 000000 000000 000000 000000 000000
+$0318: 000000 000000 000000 000000 000000 000000 000000 000000
+$0320: 000000 000000 000000 000000 000000 000000 000000 000000
+$0328: 000000 000000 000000 000000 000000 000000 000000 000000
+$0330: 000000 000000 000000 000000 000000 000000 000000 000000
+$0338: 000000 000000 000000 000000 000000 000000 000000 000000
+$0340: 000000 000000 000000 000000 000000 000000 000000 000000
+$0348: 000000 000000 000000 000000 000000 000000 000000 000000
+$0350: 000000 000000 000000 000000 000000 000000 000000 000000
+$0358: 000000 000000 000000 000000 000000 000000 000000 000000
+$0360: 000000 000000 000000 000000 000000 000000 000000 000000
+$0368: 000000 000000 000000 000000 000000 000000 000000 400000
+$0370: 000000 000000 000000 000000 000000 000000 000000 400000
+$0378: 000000 000000 000000 600000 000000 600000 600000 6f0000
+$0380: 000000 000000 000000 000000 000000 000000 000000 000000
+$0388: 000000 000000 000000 000000 000000 000000 000000 000000
+$0390: 000000 000000 000000 000000 000000 000000 000000 000000
+$0398: 000000 000000 000000 000000 000000 000000 000000 400000
+$03a0: 000000 000000 000000 000000 000000 000000 000000 000000
+$03a8: 000000 000000 000000 000000 000000 000000 000000 600000
+$03b0: 000000 000000 000000 000000 000000 000000 000000 600000
+$03b8: 000000 000000 000000 600000 000000 600000 700000 770000
+$03c0: 000000 000000 000000 000000 000000 000000 000000 000000
+$03c8: 000000 000000 000000 000000 000000 000000 000000 600000
+$03d0: 000000 000000 000000 000000 000000 000000 000000 600000
+$03d8: 000000 000000 000000 700000 400000 700000 700000 7b0000
+$03e0: 000000 000000 000000 000000 000000 000000 400000 700000
+$03e8: 000000 400000 400000 700000 600000 700000 780000 7d0000
+$03f0: 000000 400000 600000 780000 600000 780000 780000 7e0000
+$03f8: 700000 7c0000 7c0000 7f0000 7e0000 7f0000 7f0000 7f0000
+$0400: 000000 000000 000000 000000 000000 000000 000000 000000
+$0408: 000000 000000 000000 000000 000000 000000 000000 000000
+$0410: 000000 000000 000000 000000 000000 000000 000000 000000
+$0418: 000000 000000 000000 000000 000000 000000 000000 000000
+$0420: 000000 000000 000000 000000 000000 000000 000000 000000
+$0428: 000000 000000 000000 000000 000000 000000 000000 000000
+$0430: 000000 000000 000000 000000 000000 000000 000000 000000
+$0438: 000000 000000 000000 000000 000000 000000 000000 000000
+$0440: 000000 000000 000000 000000 000000 000000 000000 000000
+$0448: 000000 000000 000000 000000 000000 000000 000000 000000
+$0450: 000000 000000 000000 000000 000000 000000 000000 000000
+$0458: 000000 000000 000000 000000 000000 000000 000000 000000
+$0460: 000000 000000 000000 000000 000000 000000 000000 000000
+$0468: 000000 000000 000000 000000 000000 000000 000000 000000
+$0470: 000000 000000 000000 000000 000000 000000 000000 000000
+$0478: 000000 000000 000000 000000 000000 000000 000000 800000
+$0480: 000000 000000 000000 000000 000000 000000 000000 000000
+$0488: 000000 000000 000000 000000 000000 000000 000000 000000
+$0490: 000000 000000 000000 000000 000000 000000 000000 000000
+$0498: 000000 000000 000000 000000 000000 000000 000000 000000
+$04a0: 000000 000000 000000 000000 000000 000000 000000 000000
+$04a8: 000000 000000 000000 000000 000000 000000 000000 000000
+$04b0: 000000 000000 000000 000000 000000 000000 000000 000000
+$04b8: 000000 000000 000000 000000 000000 000000 000000 800000
+$04c0: 000000 000000 000000 000000 000000 000000 000000 000000
+$04c8: 000000 000000 000000 000000 000000 000000 000000 000000
+$04d0: 000000 000000 000000 000000 000000 000000 000000 000000
+$04d8: 000000 000000 000000 000000 000000 000000 000000 800000
+$04e0: 000000 000000 000000 000000 000000 000000 000000 000000
+$04e8: 000000 000000 000000 000000 000000 000000 000000 800000
+$04f0: 000000 000000 000000 000000 000000 000000 000000 800000
+$04f8: 000000 000000 000000 800000 800000 800000 800000 9f0000
+$0500: 000000 000000 000000 000000 000000 000000 000000 000000
+$0508: 000000 000000 000000 000000 000000 000000 000000 000000
+$0510: 000000 000000 000000 000000 000000 000000 000000 000000
+$0518: 000000 000000 000000 000000 000000 000000 000000 000000
+$0520: 000000 000000 000000 000000 000000 000000 000000 000000
+$0528: 000000 000000 000000 000000 000000 000000 000000 000000
+$0530: 000000 000000 000000 000000 000000 000000 000000 000000
+$0538: 000000 000000 000000 000000 000000 000000 000000 800000
+$0540: 000000 000000 000000 000000 000000 000000 000000 000000
+$0548: 000000 000000 000000 000000 000000 000000 000000 000000
+$0550: 000000 000000 000000 000000 000000 000000 000000 000000
+$0558: 000000 000000 000000 000000 000000 000000 000000 800000
+$0560: 000000 000000 000000 000000 000000 000000 000000 000000
+$0568: 000000 000000 000000 000000 000000 000000 000000 800000
+$0570: 000000 000000 000000 000000 000000 000000 000000 800000
+$0578: 000000 800000 800000 800000 800000 a00000 a00000 af0000
+$0580: 000000 000000 000000 000000 000000 000000 000000 000000
+$0588: 000000 000000 000000 000000 000000 000000 000000 000000
+$0590: 000000 000000 000000 000000 000000 000000 000000 000000
+$0598: 000000 000000 000000 000000 000000 000000 000000 800000
+$05a0: 000000 000000 000000 000000 000000 000000 000000 000000
+$05a8: 000000 000000 000000 000000 000000 800000 800000 800000
+$05b0: 000000 000000 000000 800000 000000 800000 800000 a00000
+$05b8: 000000 800000 800000 a00000 800000 a00000 b00000 b70000
+$05c0: 000000 000000 000000 000000 000000 000000 000000 800000
+$05c8: 000000 000000 000000 800000 000000 800000 800000 a00000
+$05d0: 000000 000000 000000 800000 000000 800000 800000 a00000
+$05d8: 000000 800000 800000 a00000 800000 b00000 b00000 bb0000
+$05e0: 000000 000000 000000 800000 800000 800000 800000 b00000
+$05e8: 800000 800000 800000 b00000 800000 b00000 b80000 bd0000
+$05f0: 800000 800000 800000 b80000 a00000 b80000 b80000 be0000
+$05f8: a00000 b80000 bc0000 bf0000 be0000 bf0000 bf0000 bf0000
+$0600: 000000 000000 000000 000000 000000 000000 000000 000000
+$0608: 000000 000000 000000 000000 000000 000000 000000 000000
+$0610: 000000 000000 000000 000000 000000 000000 000000 000000
+$0618: 000000 000000 000000 000000 000000 000000 000000 000000
+$0620: 000000 000000 000000 000000 000000 000000 000000 000000
+$0628: 000000 000000 000000 000000 000000 000000 000000 000000
+$0630: 000000 000000 000000 000000 000000 000000 000000 000000
+$0638: 000000 000000 000000 000000 000000 000000 000000 c00000
+$0640: 000000 000000 000000 000000 000000 000000 000000 000000
+$0648: 000000 000000 000000 000000 000000 000000 000000 000000
+$0650: 000000 000000 000000 000000 000000 000000 000000 000000
+$0658: 000000 000000 000000 000000 000000 800000 800000 c00000
+$0660: 000000 000000 000000 000000 000000 000000 000000 000000
+$0668: 000000 000000 000000 800000 000000 800000 800000 c00000
+$0670: 000000 000000 000000 800000 000000 800000 800000 c00000
+$0678: 000000 800000 800000 c00000 c00000 c00000 c00000 cf0000
+$0680: 000000 000000 000000 000000 000000 000000 000000 000000
+$0688: 000000 000000 000000 000000 000000 000000 000000 800000
+$0690: 000000 000000 000000 000000 000000 000000 000000 800000
+$0698: 000000 000000 000000 800000 000000 800000 800000 c00000
+$06a0: 000000 000000 000000 000000 000000 000000 000000 800000
+$06a8: 000000 000000 000000 800000 000000 800000 800000 c00000
+$06b0: 000000 000000 000000 800000 000000 800000 c00000 c00000
+$06b8: 800000 c00000 c00000 c00000 c00000 c00000 d00000 d70000
+$06c0: 000000 000000 000000 000000 000000 000000 000000 800000
+$06c8: 000000 000000 000000 800000 800000 800000 c00000 c00000
+$06d0: 000000 800000 800000 c00000 800000 c00000 c00000 c00000
+$06d8: 800000 c00000 c00000 c00000 c00000 d00000 d00000 db0000
+$06e0: 000000 800000 800000 c00000 800000 c00000 c00000 d00000
+$06e8: 800000 c00000 c00000 d00000 c00000 d00000 d80000 dd0000
+$06f0: c00000 c00000 c00000 d00000 c00000 d80000 d80000 de0000
+$06f8: c00000 d80000 dc0000 df0000 dc0000 df0000 df0000 df0000
+$0700: 000000 000000 000000 000000 000000 000000 000000 000000
+$0708: 000000 000000 000000 000000 000000 000000 000000 800000
+$0710: 000000 000000 000000 000000 000000 000000 000000 800000
+$0718: 000000 000000 000000 800000 800000 c00000 c00000 e00000
+$0720: 000000 000000 000000 000000 000000 000000 000000 800000
+$0728: 000000 800000 800000 c00000 800000 c00000 c00000 e00000
+$0730: 000000 800000 800000 c00000 800000 c00000 c00000 e00000
+$0738: 800000 c00000 c00000 e00000 c00000 e00000 e00000 e70000
+$0740: 000000 000000 000000 800000 000000 800000 800000 c00000
+$0748: 000000 800000 800000 c00000 800000 c00000 c00000 e00000
+$0750: 000000 800000 800000 c00000 800000 c00000 c00000 e00000
+$0758: c00000 c00000 c00000 e00000 e00000 e00000 e00000 eb0000
+$0760: 800000 800000 c00000 c00000 c00000 c00000 c00000 e00000
+$0768: c00000 e00000 e00000 e00000 e00000 e00000 e00000 ed0000
+$0770: c00000 e00000 e00000 e00000 e00000 e80000 e80000 ee0000
+$0778: e00000 e80000 ec0000 ef0000 ec0000 ef0000 ef0000 ef0000
+$0780: 000000 000000 000000 800000 800000 800000 800000 c00000
+$0788: 800000 800000 c00000 c00000 c00000 c00000 c00000 f00000
+$0790: 800000 c00000 c00000 c00000 c00000 e00000 e00000 f00000
+$0798: c00000 e00000 e00000 f00000 e00000 f00000 f00000 f30000
+$07a0: 800000 c00000 c00000 e00000 c00000 e00000 e00000 f00000
+$07a8: c00000 e00000 e00000 f00000 e00000 f00000 f00000 f50000
+$07b0: e00000 e00000 e00000 f00000 f00000 f00000 f00000 f60000
+$07b8: f00000 f00000 f40000 f70000 f40000 f70000 f70000 f70000
+$07c0: c00000 c00000 c00000 e00000 e00000 e00000 e00000 f00000
+$07c8: e00000 e00000 e00000 f80000 f00000 f80000 f80000 f90000
+$07d0: e00000 f00000 f00000 f80000 f00000 f80000 f80000 fa0000
+$07d8: f00000 f80000 f80000 fb0000 f80000 fb0000 fb0000 fb0000
+$07e0: e00000 f00000 f00000 f80000 f00000 f80000 fc0000 fc0000
+$07e8: f80000 fc0000 fc0000 fd0000 fc0000 fd0000 fd0000 fd0000
+$07f0: f80000 fc0000 fe0000 fe0000 fe0000 fe0000 fe0000 fe0000
+$07f8: fe0000 ff0000 ff0000 ff0000 ff0000 ff0000 ff0000 ff0000
+$0800: ff0000 ff0000 ff0000 ff0000 ff0000 ff0000 ff0000 fe0000
+$0808: fe0000 fe0000 fe0000 fe0000 fe0000 fe0000 fc0000 f80000
+$0810: fd0000 fd0000 fd0000 fc0000 fd0000 fc0000 fc0000 f80000
+$0818: fc0000 fc0000 fc0000 f00000 f80000 f00000 f00000 e00000
+$0820: fb0000 fb0000 fb0000 f80000 fb0000 f80000 f80000 f00000
+$0828: fa0000 f80000 f80000 f00000 f80000 f00000 f00000 e00000
+$0830: f90000 f80000 f80000 f00000 f80000 f00000 e00000 e00000
+$0838: f00000 e00000 e00000 e00000 e00000 c00000 c00000 c00000
+$0840: f70000 f70000 f70000 f40000 f70000 f40000 f00000 f00000
+$0848: f60000 f00000 f00000 f00000 f00000 e00000 e00000 e00000
+$0850: f50000 f00000 f00000 e00000 f00000 e00000 e00000 c00000
+$0858: f00000 e00000 e00000 c00000 e00000 c00000 c00000 800000
+$0860: f30000 f00000 f00000 e00000 f00000 e00000 e00000 c00000
+$0868: f00000 e00000 e00000 c00000 c00000 c00000 c00000 800000
+$0870: f00000 e00000 c00000 c00000 c00000 c00000 800000 800000
+$0878: c00000 800000 800000 800000 800000 000000 000000 000000
+$0880: ef0000 ef0000 ef0000 ec0000 ef0000 ec0000 e80000 e00000
+$0888: ee0000 e80000 e80000 e00000 e00000 e00000 e00000 c00000
+$0890: ed0000 e80000 e00000 e00000 e00000 e00000 e00000 c00000
+$0898: e00000 e00000 c00000 c00000 c00000 c00000 800000 800000
+$08a0: eb0000 e00000 e00000 e00000 e00000 c00000 c00000 c00000
+$08a8: e00000 c00000 c00000 800000 c00000 800000 800000 000000
+$08b0: e00000 c00000 c00000 800000 c00000 800000 800000 000000
+$08b8: c00000 800000 800000 000000 800000 000000 000000 000000
+$08c0: e70000 e00000 e00000 c00000 e00000 c00000 c00000 800000
+$08c8: e00000 c00000 c00000 800000 c00000 800000 800000 000000
+$08d0: e00000 c00000 c00000 800000 c00000 800000 800000 000000
+$08d8: 800000 800000 000000 000000 000000 000000 000000 000000
+$08e0: e00000 c00000 c00000 800000 800000 000000 000000 000000
+$08e8: 800000 000000 000000 000000 000000 000000 000000 000000
+$08f0: 800000 000000 000000 000000 000000 000000 000000 000000
+$08f8: 000000 000000 000000 000000 000000 000000 000000 000000
+$0900: df0000 df0000 df0000 dc0000 df0000 dc0000 d80000 c00000
+$0908: de0000 d80000 d80000 c00000 d80000 c00000 c00000 c00000
+$0910: dd0000 d80000 d00000 c00000 d00000 c00000 c00000 800000
+$0918: d00000 c00000 c00000 800000 c00000 800000 800000 000000
+$0920: db0000 d00000 d00000 c00000 c00000 c00000 c00000 800000
+$0928: c00000 c00000 c00000 800000 c00000 800000 800000 000000
+$0930: c00000 c00000 800000 800000 800000 000000 000000 000000
+$0938: 800000 000000 000000 000000 000000 000000 000000 000000
+$0940: d70000 d00000 c00000 c00000 c00000 c00000 c00000 800000
+$0948: c00000 c00000 800000 000000 800000 000000 000000 000000
+$0950: c00000 800000 800000 000000 800000 000000 000000 000000
+$0958: 800000 000000 000000 000000 000000 000000 000000 000000
+$0960: c00000 800000 800000 000000 800000 000000 000000 000000
+$0968: 800000 000000 000000 000000 000000 000000 000000 000000
+$0970: 800000 000000 000000 000000 000000 000000 000000 000000
+$0978: 000000 000000 000000 000000 000000 000000 000000 000000
+$0980: cf0000 c00000 c00000 c00000 c00000 800000 800000 000000
+$0988: c00000 800000 800000 000000 800000 000000 000000 000000
+$0990: c00000 800000 800000 000000 800000 000000 000000 000000
+$0998: 000000 000000 000000 000000 000000 000000 000000 000000
+$09a0: c00000 800000 800000 000000 000000 000000 000000 000000
+$09a8: 000000 000000 000000 000000 000000 000000 000000 000000
+$09b0: 000000 000000 000000 000000 000000 000000 000000 000000
+$09b8: 000000 000000 000000 000000 000000 000000 000000 000000
+$09c0: c00000 800000 000000 000000 000000 000000 000000 000000
+$09c8: 000000 000000 000000 000000 000000 000000 000000 000000
+$09d0: 000000 000000 000000 000000 000000 000000 000000 000000
+$09d8: 000000 000000 000000 000000 000000 000000 000000 000000
+$09e0: 000000 000000 000000 000000 000000 000000 000000 000000
+$09e8: 000000 000000 000000 000000 000000 000000 000000 000000
+$09f0: 000000 000000 000000 000000 000000 000000 000000 000000
+$09f8: 000000 000000 000000 000000 000000 000000 000000 000000
+$0a00: bf0000 bf0000 bf0000 be0000 bf0000 bc0000 bc0000 a00000
+$0a08: be0000 bc0000 b80000 a00000 b80000 a00000 800000 800000
+$0a10: bd0000 b80000 b00000 800000 b00000 800000 800000 800000
+$0a18: b00000 800000 800000 800000 800000 000000 000000 000000
+$0a20: bb0000 b00000 b00000 800000 a00000 800000 800000 000000
+$0a28: a00000 800000 800000 000000 800000 000000 000000 000000
+$0a30: a00000 800000 800000 000000 800000 000000 000000 000000
+$0a38: 800000 000000 000000 000000 000000 000000 000000 000000
+$0a40: b70000 b00000 a00000 800000 a00000 800000 800000 000000
+$0a48: a00000 800000 800000 000000 800000 000000 000000 000000
+$0a50: 800000 800000 800000 000000 000000 000000 000000 000000
+$0a58: 000000 000000 000000 000000 000000 000000 000000 000000
+$0a60: 800000 800000 000000 000000 000000 000000 000000 000000
+$0a68: 000000 000000 000000 000000 000000 000000 000000 000000
+$0a70: 000000 000000 000000 000000 000000 000000 000000 000000
+$0a78: 000000 000000 000000 000000 000000 000000 000000 000000
+$0a80: af0000 a00000 a00000 800000 800000 800000 800000 000000
+$0a88: 800000 800000 000000 000000 000000 000000 000000 000000
+$0a90: 800000 000000 000000 000000 000000 000000 000000 000000
+$0a98: 000000 000000 000000 000000 000000 000000 000000 000000
+$0aa0: 800000 000000 000000 000000 000000 000000 000000 000000
+$0aa8: 000000 000000 000000 000000 000000 000000 000000 000000
+$0ab0: 000000 000000 000000 000000 000000 000000 000000 000000
+$0ab8: 000000 000000 000000 000000 000000 000000 000000 000000
+$0ac0: 800000 000000 000000 000000 000000 000000 000000 000000
+$0ac8: 000000 000000 000000 000000 000000 000000 000000 000000
+$0ad0: 000000 000000 000000 000000 000000 000000 000000 000000
+$0ad8: 000000 000000 000000 000000 000000 000000 000000 000000
+$0ae0: 000000 000000 000000 000000 000000 000000 000000 000000
+$0ae8: 000000 000000 000000 000000 000000 000000 000000 000000
+$0af0: 000000 000000 000000 000000 000000 000000 000000 000000
+$0af8: 000000 000000 000000 000000 000000 000000 000000 000000
+$0b00: 9f0000 900000 800000 800000 800000 000000 000000 000000
+$0b08: 800000 000000 000000 000000 000000 000000 000000 000000
+$0b10: 800000 000000 000000 000000 000000 000000 000000 000000
+$0b18: 000000 000000 000000 000000 000000 000000 000000 000000
+$0b20: 800000 000000 000000 000000 000000 000000 000000 000000
+$0b28: 000000 000000 000000 000000 000000 000000 000000 000000
+$0b30: 000000 000000 000000 000000 000000 000000 000000 000000
+$0b38: 000000 000000 000000 000000 000000 000000 000000 000000
+$0b40: 800000 000000 000000 000000 000000 000000 000000 000000
+$0b48: 000000 000000 000000 000000 000000 000000 000000 000000
+$0b50: 000000 000000 000000 000000 000000 000000 000000 000000
+$0b58: 000000 000000 000000 000000 000000 000000 000000 000000
+$0b60: 000000 000000 000000 000000 000000 000000 000000 000000
+$0b68: 000000 000000 000000 000000 000000 000000 000000 000000
+$0b70: 000000 000000 000000 000000 000000 000000 000000 000000
+$0b78: 000000 000000 000000 000000 000000 000000 000000 000000
+$0b80: 800000 000000 000000 000000 000000 000000 000000 000000
+$0b88: 000000 000000 000000 000000 000000 000000 000000 000000
+$0b90: 000000 000000 000000 000000 000000 000000 000000 000000
+$0b98: 000000 000000 000000 000000 000000 000000 000000 000000
+$0ba0: 000000 000000 000000 000000 000000 000000 000000 000000
+$0ba8: 000000 000000 000000 000000 000000 000000 000000 000000
+$0bb0: 000000 000000 000000 000000 000000 000000 000000 000000
+$0bb8: 000000 000000 000000 000000 000000 000000 000000 000000
+$0bc0: 000000 000000 000000 000000 000000 000000 000000 000000
+$0bc8: 000000 000000 000000 000000 000000 000000 000000 000000
+$0bd0: 000000 000000 000000 000000 000000 000000 000000 000000
+$0bd8: 000000 000000 000000 000000 000000 000000 000000 000000
+$0be0: 000000 000000 000000 000000 000000 000000 000000 000000
+$0be8: 000000 000000 000000 000000 000000 000000 000000 000000
+$0bf0: 000000 000000 000000 000000 000000 000000 000000 000000
+$0bf8: 000000 000000 000000 000000 000000 000000 000000 000000
+$0c00: 7f0000 7f0000 7f0000 7e0000 7f0000 7c0000 7c0000 700000
+$0c08: 7e0000 7c0000 780000 600000 780000 600000 600000 000000
+$0c10: 7d0000 780000 780000 600000 700000 400000 400000 000000
+$0c18: 700000 400000 000000 000000 000000 000000 000000 000000
+$0c20: 7b0000 780000 700000 400000 700000 400000 000000 000000
+$0c28: 600000 000000 000000 000000 000000 000000 000000 000000
+$0c30: 600000 000000 000000 000000 000000 000000 000000 000000
+$0c38: 000000 000000 000000 000000 000000 000000 000000 000000
+$0c40: 770000 700000 700000 000000 600000 000000 000000 000000
+$0c48: 600000 000000 000000 000000 000000 000000 000000 000000
+$0c50: 600000 000000 000000 000000 000000 000000 000000 000000
+$0c58: 000000 000000 000000 000000 000000 000000 000000 000000
+$0c60: 400000 000000 000000 000000 000000 000000 000000 000000
+$0c68: 000000 000000 000000 000000 000000 000000 000000 000000
+$0c70: 000000 000000 000000 000000 000000 000000 000000 000000
+$0c78: 000000 000000 000000 000000 000000 000000 000000 000000
+$0c80: 6f0000 600000 600000 000000 600000 000000 000000 000000
+$0c88: 400000 000000 000000 000000 000000 000000 000000 000000
+$0c90: 400000 000000 000000 000000 000000 000000 000000 000000
+$0c98: 000000 000000 000000 000000 000000 000000 000000 000000
+$0ca0: 000000 000000 000000 000000 000000 000000 000000 000000
+$0ca8: 000000 000000 000000 000000 000000 000000 000000 000000
+$0cb0: 000000 000000 000000 000000 000000 000000 000000 000000
+$0cb8: 000000 000000 000000 000000 000000 000000 000000 000000
+$0cc0: 000000 000000 000000 000000 000000 000000 000000 000000
+$0cc8: 000000 000000 000000 000000 000000 000000 000000 000000
+$0cd0: 000000 000000 000000 000000 000000 000000 000000 000000
+$0cd8: 000000 000000 000000 000000 000000 000000 000000 000000
+$0ce0: 000000 000000 000000 000000 000000 000000 000000 000000
+$0ce8: 000000 000000 000000 000000 000000 000000 000000 000000
+$0cf0: 000000 000000 000000 000000 000000 000000 000000 000000
+$0cf8: 000000 000000 000000 000000 000000 000000 000000 000000
+$0d00: 5f0000 580000 400000 000000 400000 000000 000000 000000
+$0d08: 400000 000000 000000 000000 000000 000000 000000 000000
+$0d10: 000000 000000 000000 000000 000000 000000 000000 000000
+$0d18: 000000 000000 000000 000000 000000 000000 000000 000000
+$0d20: 000000 000000 000000 000000 000000 000000 000000 000000
+$0d28: 000000 000000 000000 000000 000000 000000 000000 000000
+$0d30: 000000 000000 000000 000000 000000 000000 000000 000000
+$0d38: 000000 000000 000000 000000 000000 000000 000000 000000
+$0d40: 000000 000000 000000 000000 000000 000000 000000 000000
+$0d48: 000000 000000 000000 000000 000000 000000 000000 000000
+$0d50: 000000 000000 000000 000000 000000 000000 000000 000000
+$0d58: 000000 000000 000000 000000 000000 000000 000000 000000
+$0d60: 000000 000000 000000 000000 000000 000000 000000 000000
+$0d68: 000000 000000 000000 000000 000000 000000 000000 000000
+$0d70: 000000 000000 000000 000000 000000 000000 000000 000000
+$0d78: 000000 000000 000000 000000 000000 000000 000000 000000
+$0d80: 000000 000000 000000 000000 000000 000000 000000 000000
+$0d88: 000000 000000 000000 000000 000000 000000 000000 000000
+$0d90: 000000 000000 000000 000000 000000 000000 000000 000000
+$0d98: 000000 000000 000000 000000 000000 000000 000000 000000
+$0da0: 000000 000000 000000 000000 000000 000000 000000 000000
+$0da8: 000000 000000 000000 000000 000000 000000 000000 000000
+$0db0: 000000 000000 000000 000000 000000 000000 000000 000000
+$0db8: 000000 000000 000000 000000 000000 000000 000000 000000
+$0dc0: 000000 000000 000000 000000 000000 000000 000000 000000
+$0dc8: 000000 000000 000000 000000 000000 000000 000000 000000
+$0dd0: 000000 000000 000000 000000 000000 000000 000000 000000
+$0dd8: 000000 000000 000000 000000 000000 000000 000000 000000
+$0de0: 000000 000000 000000 000000 000000 000000 000000 000000
+$0de8: 000000 000000 000000 000000 000000 000000 000000 000000
+$0df0: 000000 000000 000000 000000 000000 000000 000000 000000
+$0df8: 000000 000000 000000 000000 000000 000000 000000 000000
+$0e00: 3f0000 3c0000 300000 000000 000000 000000 000000 000000
+$0e08: 000000 000000 000000 000000 000000 000000 000000 000000
+$0e10: 000000 000000 000000 000000 000000 000000 000000 000000
+$0e18: 000000 000000 000000 000000 000000 000000 000000 000000
+$0e20: 000000 000000 000000 000000 000000 000000 000000 000000
+$0e28: 000000 000000 000000 000000 000000 000000 000000 000000
+$0e30: 000000 000000 000000 000000 000000 000000 000000 000000
+$0e38: 000000 000000 000000 000000 000000 000000 000000 000000
+$0e40: 000000 000000 000000 000000 000000 000000 000000 000000
+$0e48: 000000 000000 000000 000000 000000 000000 000000 000000
+$0e50: 000000 000000 000000 000000 000000 000000 000000 000000
+$0e58: 000000 000000 000000 000000 000000 000000 000000 000000
+$0e60: 000000 000000 000000 000000 000000 000000 000000 000000
+$0e68: 000000 000000 000000 000000 000000 000000 000000 000000
+$0e70: 000000 000000 000000 000000 000000 000000 000000 000000
+$0e78: 000000 000000 000000 000000 000000 000000 000000 000000
+$0e80: 000000 000000 000000 000000 000000 000000 000000 000000
+$0e88: 000000 000000 000000 000000 000000 000000 000000 000000
+$0e90: 000000 000000 000000 000000 000000 000000 000000 000000
+$0e98: 000000 000000 000000 000000 000000 000000 000000 000000
+$0ea0: 000000 000000 000000 000000 000000 000000 000000 000000
+$0ea8: 000000 000000 000000 000000 000000 000000 000000 000000
+$0eb0: 000000 000000 000000 000000 000000 000000 000000 000000
+$0eb8: 000000 000000 000000 000000 000000 000000 000000 000000
+$0ec0: 000000 000000 000000 000000 000000 000000 000000 000000
+$0ec8: 000000 000000 000000 000000 000000 000000 000000 000000
+$0ed0: 000000 000000 000000 000000 000000 000000 000000 000000
+$0ed8: 000000 000000 000000 000000 000000 000000 000000 000000
+$0ee0: 000000 000000 000000 000000 000000 000000 000000 000000
+$0ee8: 000000 000000 000000 000000 000000 000000 000000 000000
+$0ef0: 000000 000000 000000 000000 000000 000000 000000 000000
+$0ef8: 000000 000000 000000 000000 000000 000000 000000 000000
+$0f00: 000000 000000 000000 000000 000000 000000 000000 000000
+$0f08: 000000 000000 000000 000000 000000 000000 000000 000000
+$0f10: 000000 000000 000000 000000 000000 000000 000000 000000
+$0f18: 000000 000000 000000 000000 000000 000000 000000 000000
+$0f20: 000000 000000 000000 000000 000000 000000 000000 000000
+$0f28: 000000 000000 000000 000000 000000 000000 000000 000000
+$0f30: 000000 000000 000000 000000 000000 000000 000000 000000
+$0f38: 000000 000000 000000 000000 000000 000000 000000 000000
+$0f40: 000000 000000 000000 000000 000000 000000 000000 000000
+$0f48: 000000 000000 000000 000000 000000 000000 000000 000000
+$0f50: 000000 000000 000000 000000 000000 000000 000000 000000
+$0f58: 000000 000000 000000 000000 000000 000000 000000 000000
+$0f60: 000000 000000 000000 000000 000000 000000 000000 000000
+$0f68: 000000 000000 000000 000000 000000 000000 000000 000000
+$0f70: 000000 000000 000000 000000 000000 000000 000000 000000
+$0f78: 000000 000000 000000 000000 000000 000000 000000 000000
+$0f80: 000000 000000 000000 000000 000000 000000 000000 000000
+$0f88: 000000 000000 000000 000000 000000 000000 000000 000000
+$0f90: 000000 000000 000000 000000 000000 000000 000000 000000
+$0f98: 000000 000000 000000 000000 000000 000000 000000 000000
+$0fa0: 000000 000000 000000 000000 000000 000000 000000 000000
+$0fa8: 000000 000000 000000 000000 000000 000000 000000 000000
+$0fb0: 000000 000000 000000 000000 000000 000000 000000 000000
+$0fb8: 000000 000000 000000 000000 000000 000000 000000 000000
+$0fc0: 000000 000000 000000 000000 000000 000000 000000 000000
+$0fc8: 000000 000000 000000 000000 000000 000000 000000 000000
+$0fd0: 000000 000000 000000 000000 000000 000000 000000 000000
+$0fd8: 000000 000000 000000 000000 000000 000000 000000 000000
+$0fe0: 000000 000000 000000 000000 000000 000000 000000 000000
+$0fe8: 000000 000000 000000 000000 000000 000000 000000 000000
+$0ff0: 000000 000000 000000 000000 000000 000000 000000 000000
+$0ff8: 000000 000000 000000 000000 000000 000000 000000 000000
