# P:$142158  filter_tbl_142158  (1600 words)
# FILTER stage2 table, indexed 0..1599 (min(idx,$63F)); used at P:$0630/0666/0700/072D
#  idx | hex     signed24   fraction(24-bit)
     0 | 000880      2176   0.0002594
     1 | 00088C      2188   0.0002608
     2 | 000898      2200   0.0002623
     3 | 0008A4      2212   0.0002637
     4 | 0008B0      2224   0.0002651
     5 | 0008BC      2236   0.0002666
     6 | 0008C8      2248   0.0002680
     7 | 0008D4      2260   0.0002694
     8 | 0008E1      2273   0.0002710
     9 | 0008ED      2285   0.0002724
    10 | 0008F9      2297   0.0002738
    11 | 000906      2310   0.0002754
    12 | 000912      2322   0.0002768
    13 | 00091F      2335   0.0002784
    14 | 00092C      2348   0.0002799
    15 | 000939      2361   0.0002815
    16 | 000945      2373   0.0002829
    17 | 000952      2386   0.0002844
    18 | 00095F      2399   0.0002860
    19 | 00096C      2412   0.0002875
    20 | 000979      2425   0.0002891
    21 | 000986      2438   0.0002906
    22 | 000994      2452   0.0002923
    23 | 0009A1      2465   0.0002939
    24 | 0009AE      2478   0.0002954
    25 | 0009BC      2492   0.0002971
    26 | 0009C9      2505   0.0002986
    27 | 0009D7      2519   0.0003003
    28 | 0009E5      2533   0.0003020
    29 | 0009F2      2546   0.0003035
    30 | 000A00      2560   0.0003052
    31 | 000A0E      2574   0.0003068
    32 | 000A1C      2588   0.0003085
    33 | 000A2A      2602   0.0003102
    34 | 000A38      2616   0.0003119
    35 | 000A47      2631   0.0003136
    36 | 000A55      2645   0.0003153
    37 | 000A63      2659   0.0003170
    38 | 000A72      2674   0.0003188
    39 | 000A80      2688   0.0003204
    40 | 000A8F      2703   0.0003222
    41 | 000A9D      2717   0.0003239
    42 | 000AAC      2732   0.0003257
    43 | 000ABB      2747   0.0003275
    44 | 000ACA      2762   0.0003293
    45 | 000AD9      2777   0.0003310
    46 | 000AE8      2792   0.0003328
    47 | 000AF7      2807   0.0003346
    48 | 000B06      2822   0.0003364
    49 | 000B16      2838   0.0003383
    50 | 000B25      2853   0.0003401
    51 | 000B35      2869   0.0003420
    52 | 000B44      2884   0.0003438
    53 | 000B54      2900   0.0003457
    54 | 000B64      2916   0.0003476
    55 | 000B73      2931   0.0003494
    56 | 000B83      2947   0.0003513
    57 | 000B93      2963   0.0003532
    58 | 000BA3      2979   0.0003551
    59 | 000BB4      2996   0.0003572
    60 | 000BC4      3012   0.0003591
    61 | 000BD4      3028   0.0003610
    62 | 000BE5      3045   0.0003630
    63 | 000BF5      3061   0.0003649
    64 | 000C06      3078   0.0003669
    65 | 000C17      3095   0.0003690
    66 | 000C27      3111   0.0003709
    67 | 000C38      3128   0.0003729
    68 | 000C49      3145   0.0003749
    69 | 000C5A      3162   0.0003769
    70 | 000C6B      3179   0.0003790
    71 | 000C7D      3197   0.0003811
    72 | 000C8E      3214   0.0003831
    73 | 000CA0      3232   0.0003853
    74 | 000CB1      3249   0.0003873
    75 | 000CC3      3267   0.0003895
    76 | 000CD4      3284   0.0003915
    77 | 000CE6      3302   0.0003936
    78 | 000CF8      3320   0.0003958
    79 | 000D0A      3338   0.0003979
    80 | 000D1C      3356   0.0004001
    81 | 000D2F      3375   0.0004023
    82 | 000D41      3393   0.0004045
    83 | 000D53      3411   0.0004066
    84 | 000D66      3430   0.0004089
    85 | 000D79      3449   0.0004112
    86 | 000D8B      3467   0.0004133
    87 | 000D9E      3486   0.0004156
    88 | 000DB1      3505   0.0004178
    89 | 000DC4      3524   0.0004201
    90 | 000DD7      3543   0.0004224
    91 | 000DEA      3562   0.0004246
    92 | 000DFE      3582   0.0004270
    93 | 000E11      3601   0.0004293
    94 | 000E25      3621   0.0004317
    95 | 000E38      3640   0.0004339
    96 | 000E4C      3660   0.0004363
    97 | 000E60      3680   0.0004387
    98 | 000E74      3700   0.0004411
    99 | 000E88      3720   0.0004435
   100 | 000E9C      3740   0.0004458
   101 | 000EB1      3761   0.0004483
   102 | 000EC5      3781   0.0004507
   103 | 000EDA      3802   0.0004532
   104 | 000EEE      3822   0.0004556
   105 | 000F03      3843   0.0004581
   106 | 000F18      3864   0.0004606
   107 | 000F2D      3885   0.0004631
   108 | 000F42      3906   0.0004656
   109 | 000F57      3927   0.0004681
   110 | 000F6C      3948   0.0004706
   111 | 000F82      3970   0.0004733
   112 | 000F97      3991   0.0004758
   113 | 000FAD      4013   0.0004784
   114 | 000FC3      4035   0.0004810
   115 | 000FD9      4057   0.0004836
   116 | 000FEF      4079   0.0004863
   117 | 001005      4101   0.0004889
   118 | 00101B      4123   0.0004915
   119 | 001032      4146   0.0004942
   120 | 001048      4168   0.0004969
   121 | 00105F      4191   0.0004996
   122 | 001076      4214   0.0005023
   123 | 00108C      4236   0.0005050
   124 | 0010A3      4259   0.0005077
   125 | 0010BB      4283   0.0005106
   126 | 0010D2      4306   0.0005133
   127 | 0010E9      4329   0.0005161
   128 | 001101      4353   0.0005189
   129 | 001118      4376   0.0005217
   130 | 001130      4400   0.0005245
   131 | 001148      4424   0.0005274
   132 | 001160      4448   0.0005302
   133 | 001178      4472   0.0005331
   134 | 001190      4496   0.0005360
   135 | 0011A9      4521   0.0005389
   136 | 0011C1      4545   0.0005418
   137 | 0011DA      4570   0.0005448
   138 | 0011F3      4595   0.0005478
   139 | 00120C      4620   0.0005507
   140 | 001225      4645   0.0005537
   141 | 00123E      4670   0.0005567
   142 | 001258      4696   0.0005598
   143 | 001271      4721   0.0005628
   144 | 00128B      4747   0.0005659
   145 | 0012A4      4772   0.0005689
   146 | 0012BE      4798   0.0005720
   147 | 0012D8      4824   0.0005751
   148 | 0012F3      4851   0.0005783
   149 | 00130D      4877   0.0005814
   150 | 001327      4903   0.0005845
   151 | 001342      4930   0.0005877
   152 | 00135D      4957   0.0005909
   153 | 001378      4984   0.0005941
   154 | 001393      5011   0.0005974
   155 | 0013AE      5038   0.0006006
   156 | 0013C9      5065   0.0006038
   157 | 0013E5      5093   0.0006071
   158 | 001401      5121   0.0006105
   159 | 00141C      5148   0.0006137
   160 | 001438      5176   0.0006170
   161 | 001454      5204   0.0006204
   162 | 001471      5233   0.0006238
   163 | 00148D      5261   0.0006272
   164 | 0014AA      5290   0.0006306
   165 | 0014C6      5318   0.0006340
   166 | 0014E3      5347   0.0006374
   167 | 001500      5376   0.0006409
   168 | 00151D      5405   0.0006443
   169 | 00153B      5435   0.0006479
   170 | 001558      5464   0.0006514
   171 | 001576      5494   0.0006549
   172 | 001594      5524   0.0006585
   173 | 0015B2      5554   0.0006621
   174 | 0015D0      5584   0.0006657
   175 | 0015EE      5614   0.0006692
   176 | 00160D      5645   0.0006729
   177 | 00162B      5675   0.0006765
   178 | 00164A      5706   0.0006802
   179 | 001669      5737   0.0006839
   180 | 001688      5768   0.0006876
   181 | 0016A8      5800   0.0006914
   182 | 0016C7      5831   0.0006951
   183 | 0016E7      5863   0.0006989
   184 | 001707      5895   0.0007027
   185 | 001727      5927   0.0007066
   186 | 001747      5959   0.0007104
   187 | 001767      5991   0.0007142
   188 | 001788      6024   0.0007181
   189 | 0017A8      6056   0.0007219
   190 | 0017C9      6089   0.0007259
   191 | 0017EA      6122   0.0007298
   192 | 00180C      6156   0.0007339
   193 | 00182D      6189   0.0007378
   194 | 00184F      6223   0.0007418
   195 | 001870      6256   0.0007458
   196 | 001892      6290   0.0007498
   197 | 0018B5      6325   0.0007540
   198 | 0018D7      6359   0.0007581
   199 | 0018F9      6393   0.0007621
   200 | 00191C      6428   0.0007663
   201 | 00193F      6463   0.0007704
   202 | 001962      6498   0.0007746
   203 | 001985      6533   0.0007788
   204 | 0019A9      6569   0.0007831
   205 | 0019CD      6605   0.0007874
   206 | 0019F0      6640   0.0007915
   207 | 001A15      6677   0.0007960
   208 | 001A39      6713   0.0008003
   209 | 001A5D      6749   0.0008045
   210 | 001A82      6786   0.0008090
   211 | 001AA7      6823   0.0008134
   212 | 001ACC      6860   0.0008178
   213 | 001AF1      6897   0.0008222
   214 | 001B16      6934   0.0008266
   215 | 001B3C      6972   0.0008311
   216 | 001B62      7010   0.0008357
   217 | 001B88      7048   0.0008402
   218 | 001BAE      7086   0.0008447
   219 | 001BD5      7125   0.0008494
   220 | 001BFB      7163   0.0008539
   221 | 001C22      7202   0.0008585
   222 | 001C49      7241   0.0008632
   223 | 001C71      7281   0.0008680
   224 | 001C98      7320   0.0008726
   225 | 001CC0      7360   0.0008774
   226 | 001CE8      7400   0.0008821
   227 | 001D10      7440   0.0008869
   228 | 001D39      7481   0.0008918
   229 | 001D61      7521   0.0008966
   230 | 001D8A      7562   0.0009015
   231 | 001DB3      7603   0.0009063
   232 | 001DDC      7644   0.0009112
   233 | 001E06      7686   0.0009162
   234 | 001E30      7728   0.0009212
   235 | 001E5A      7770   0.0009263
   236 | 001E84      7812   0.0009313
   237 | 001EAE      7854   0.0009363
   238 | 001ED9      7897   0.0009414
   239 | 001F04      7940   0.0009465
   240 | 001F2F      7983   0.0009516
   241 | 001F5A      8026   0.0009568
   242 | 001F86      8070   0.0009620
   243 | 001FB2      8114   0.0009673
   244 | 001FDE      8158   0.0009725
   245 | 00200A      8202   0.0009778
   246 | 002037      8247   0.0009831
   247 | 002063      8291   0.0009884
   248 | 002090      8336   0.0009937
   249 | 0020BE      8382   0.0009992
   250 | 0020EB      8427   0.0010046
   251 | 002119      8473   0.0010101
   252 | 002147      8519   0.0010155
   253 | 002175      8565   0.0010210
   254 | 0021A4      8612   0.0010266
   255 | 0021D2      8658   0.0010321
   256 | 002201      8705   0.0010377
   257 | 002231      8753   0.0010434
   258 | 002260      8800   0.0010490
   259 | 002290      8848   0.0010548
   260 | 0022C0      8896   0.0010605
   261 | 0022F0      8944   0.0010662
   262 | 002321      8993   0.0010720
   263 | 002352      9042   0.0010779
   264 | 002383      9091   0.0010837
   265 | 0023B4      9140   0.0010896
   266 | 0023E6      9190   0.0010955
   267 | 002418      9240   0.0011015
   268 | 00244A      9290   0.0011075
   269 | 00247C      9340   0.0011134
   270 | 0024AF      9391   0.0011195
   271 | 0024E2      9442   0.0011256
   272 | 002515      9493   0.0011317
   273 | 002549      9545   0.0011379
   274 | 00257D      9597   0.0011441
   275 | 0025B1      9649   0.0011503
   276 | 0025E5      9701   0.0011564
   277 | 00261A      9754   0.0011628
   278 | 00264F      9807   0.0011691
   279 | 002684      9860   0.0011754
   280 | 0026BA      9914   0.0011818
   281 | 0026EF      9967   0.0011882
   282 | 002726     10022   0.0011947
   283 | 00275C     10076   0.0012012
   284 | 002793     10131   0.0012077
   285 | 0027CA     10186   0.0012143
   286 | 002801     10241   0.0012208
   287 | 002839     10297   0.0012275
   288 | 002871     10353   0.0012342
   289 | 0028A9     10409   0.0012408
   290 | 0028E1     10465   0.0012475
   291 | 00291A     10522   0.0012543
   292 | 002953     10579   0.0012611
   293 | 00298D     10637   0.0012680
   294 | 0029C6     10694   0.0012748
   295 | 002A01     10753   0.0012819
   296 | 002A3B     10811   0.0012888
   297 | 002A76     10870   0.0012958
   298 | 002AB1     10929   0.0013028
   299 | 002AEC     10988   0.0013099
   300 | 002B28     11048   0.0013170
   301 | 002B64     11108   0.0013242
   302 | 002BA0     11168   0.0013313
   303 | 002BDD     11229   0.0013386
   304 | 002C1A     11290   0.0013459
   305 | 002C57     11351   0.0013531
   306 | 002C94     11412   0.0013604
   307 | 002CD2     11474   0.0013678
   308 | 002D11     11537   0.0013753
   309 | 002D4F     11599   0.0013827
   310 | 002D8E     11662   0.0013902
   311 | 002DCE     11726   0.0013978
   312 | 002E0D     11789   0.0014054
   313 | 002E4D     11853   0.0014130
   314 | 002E8E     11918   0.0014207
   315 | 002ECE     11982   0.0014284
   316 | 002F10     12048   0.0014362
   317 | 002F51     12113   0.0014440
   318 | 002F93     12179   0.0014518
   319 | 002FD5     12245   0.0014597
   320 | 003017     12311   0.0014676
   321 | 00305A     12378   0.0014756
   322 | 00309D     12445   0.0014836
   323 | 0030E1     12513   0.0014917
   324 | 003125     12581   0.0014998
   325 | 003169     12649   0.0015079
   326 | 0031AE     12718   0.0015161
   327 | 0031F3     12787   0.0015243
   328 | 003238     12856   0.0015326
   329 | 00327E     12926   0.0015409
   330 | 0032C4     12996   0.0015492
   331 | 00330B     13067   0.0015577
   332 | 003352     13138   0.0015662
   333 | 003399     13209   0.0015746
   334 | 0033E1     13281   0.0015832
   335 | 003429     13353   0.0015918
   336 | 003472     13426   0.0016005
   337 | 0034BA     13498   0.0016091
   338 | 003504     13572   0.0016179
   339 | 00354D     13645   0.0016266
   340 | 003598     13720   0.0016356
   341 | 0035E2     13794   0.0016444
   342 | 00362D     13869   0.0016533
   343 | 003678     13944   0.0016623
   344 | 0036C4     14020   0.0016713
   345 | 003710     14096   0.0016804
   346 | 00375D     14173   0.0016896
   347 | 0037AA     14250   0.0016987
   348 | 0037F7     14327   0.0017079
   349 | 003845     14405   0.0017172
   350 | 003893     14483   0.0017265
   351 | 0038E2     14562   0.0017359
   352 | 003931     14641   0.0017453
   353 | 003980     14720   0.0017548
   354 | 0039D0     14800   0.0017643
   355 | 003A20     14880   0.0017738
   356 | 003A71     14961   0.0017835
   357 | 003AC3     15043   0.0017933
   358 | 003B14     15124   0.0018029
   359 | 003B66     15206   0.0018127
   360 | 003BB9     15289   0.0018226
   361 | 003C0C     15372   0.0018325
   362 | 003C5F     15455   0.0018424
   363 | 003CB3     15539   0.0018524
   364 | 003D08     15624   0.0018625
   365 | 003D5D     15709   0.0018727
   366 | 003DB2     15794   0.0018828
   367 | 003E08     15880   0.0018930
   368 | 003E5E     15966   0.0019033
   369 | 003EB4     16052   0.0019135
   370 | 003F0C     16140   0.0019240
   371 | 003F63     16227   0.0019344
   372 | 003FBB     16315   0.0019449
   373 | 004014     16404   0.0019555
   374 | 00406D     16493   0.0019661
   375 | 0040C7     16583   0.0019768
   376 | 004121     16673   0.0019876
   377 | 00417B     16763   0.0019983
   378 | 0041D6     16854   0.0020092
   379 | 004232     16946   0.0020201
   380 | 00428E     17038   0.0020311
   381 | 0042EA     17130   0.0020421
   382 | 004347     17223   0.0020531
   383 | 0043A5     17317   0.0020643
   384 | 004403     17411   0.0020756
   385 | 004461     17505   0.0020868
   386 | 0044C0     17600   0.0020981
   387 | 004520     17696   0.0021095
   388 | 004580     17792   0.0021210
   389 | 0045E1     17889   0.0021325
   390 | 004642     17986   0.0021441
   391 | 0046A3     18083   0.0021557
   392 | 004706     18182   0.0021675
   393 | 004768     18280   0.0021791
   394 | 0047CC     18380   0.0021911
   395 | 00482F     18479   0.0022029
   396 | 004894     18580   0.0022149
   397 | 0048F9     18681   0.0022269
   398 | 00495E     18782   0.0022390
   399 | 0049C4     18884   0.0022511
   400 | 004A2B     18987   0.0022634
   401 | 004A92     19090   0.0022757
   402 | 004AF9     19193   0.0022880
   403 | 004B62     19298   0.0023005
   404 | 004BCA     19402   0.0023129
   405 | 004C34     19508   0.0023255
   406 | 004C9E     19614   0.0023382
   407 | 004D08     19720   0.0023508
   408 | 004D73     19827   0.0023636
   409 | 004DDF     19935   0.0023764
   410 | 004E4B     20043   0.0023893
   411 | 004EB8     20152   0.0024023
   412 | 004F25     20261   0.0024153
   413 | 004F93     20371   0.0024284
   414 | 005002     20482   0.0024416
   415 | 005071     20593   0.0024549
   416 | 0050E1     20705   0.0024682
   417 | 005151     20817   0.0024816
   418 | 0051C3     20931   0.0024952
   419 | 005234     21044   0.0025086
   420 | 0052A6     21158   0.0025222
   421 | 005319     21273   0.0025359
   422 | 00538D     21389   0.0025498
   423 | 005401     21505   0.0025636
   424 | 005476     21622   0.0025775
   425 | 0054EB     21739   0.0025915
   426 | 005561     21857   0.0026056
   427 | 0055D8     21976   0.0026197
   428 | 00564F     22095   0.0026339
   429 | 0056C7     22215   0.0026482
   430 | 005740     22336   0.0026627
   431 | 0057B9     22457   0.0026771
   432 | 005833     22579   0.0026916
   433 | 0058AE     22702   0.0027063
   434 | 005929     22825   0.0027210
   435 | 0059A5     22949   0.0027357
   436 | 005A21     23073   0.0027505
   437 | 005A9F     23199   0.0027655
   438 | 005B1D     23325   0.0027806
   439 | 005B9B     23451   0.0027956
   440 | 005C1B     23579   0.0028108
   441 | 005C9B     23707   0.0028261
   442 | 005D1B     23835   0.0028414
   443 | 005D9D     23965   0.0028569
   444 | 005E1F     24095   0.0028723
   445 | 005EA2     24226   0.0028880
   446 | 005F25     24357   0.0029036
   447 | 005FAA     24490   0.0029194
   448 | 00602F     24623   0.0029353
   449 | 0060B4     24756   0.0029511
   450 | 00613B     24891   0.0029672
   451 | 0061C2     25026   0.0029833
   452 | 00624A     25162   0.0029995
   453 | 0062D2     25298   0.0030158
   454 | 00635C     25436   0.0030322
   455 | 0063E6     25574   0.0030487
   456 | 006471     25713   0.0030652
   457 | 0064FC     25852   0.0030818
   458 | 006589     25993   0.0030986
   459 | 006616     26134   0.0031154
   460 | 0066A4     26276   0.0031323
   461 | 006732     26418   0.0031493
   462 | 0067C2     26562   0.0031664
   463 | 006852     26706   0.0031836
   464 | 0068E3     26851   0.0032009
   465 | 006975     26997   0.0032183
   466 | 006A08     27144   0.0032358
   467 | 006A9B     27291   0.0032533
   468 | 006B2F     27439   0.0032710
   469 | 006BC4     27588   0.0032887
   470 | 006C5A     27738   0.0033066
   471 | 006CF1     27889   0.0033246
   472 | 006D88     28040   0.0033426
   473 | 006E20     28192   0.0033607
   474 | 006EB9     28345   0.0033790
   475 | 006F53     28499   0.0033973
   476 | 006FEE     28654   0.0034158
   477 | 00708A     28810   0.0034344
   478 | 007126     28966   0.0034530
   479 | 0071C3     29123   0.0034717
   480 | 007261     29281   0.0034906
   481 | 007300     29440   0.0035095
   482 | 0073A0     29600   0.0035286
   483 | 007441     29761   0.0035478
   484 | 0074E3     29923   0.0035671
   485 | 007585     30085   0.0035864
   486 | 007628     30248   0.0036058
   487 | 0076CD     30413   0.0036255
   488 | 007772     30578   0.0036452
   489 | 007818     30744   0.0036650
   490 | 0078BF     30911   0.0036849
   491 | 007967     31079   0.0037049
   492 | 007A0F     31247   0.0037249
   493 | 007AB9     31417   0.0037452
   494 | 007B64     31588   0.0037656
   495 | 007C0F     31759   0.0037860
   496 | 007CBC     31932   0.0038066
   497 | 007D69     32105   0.0038272
   498 | 007E17     32279   0.0038480
   499 | 007EC7     32455   0.0038689
   500 | 007F77     32631   0.0038899
   501 | 008028     32808   0.0039110
   502 | 0080DA     32986   0.0039322
   503 | 00818D     33165   0.0039536
   504 | 008241     33345   0.0039750
   505 | 0082F6     33526   0.0039966
   506 | 0083AC     33708   0.0040183
   507 | 008463     33891   0.0040401
   508 | 00851B     34075   0.0040621
   509 | 0085D4     34260   0.0040841
   510 | 00868E     34446   0.0041063
   511 | 00874A     34634   0.0041287
   512 | 008806     34822   0.0041511
   513 | 0088C3     35011   0.0041736
   514 | 008981     35201   0.0041963
   515 | 008A40     35392   0.0042191
   516 | 008B00     35584   0.0042419
   517 | 008BC1     35777   0.0042650
   518 | 008C84     35972   0.0042882
   519 | 008D47     36167   0.0043114
   520 | 008E0B     36363   0.0043348
   521 | 008ED1     36561   0.0043584
   522 | 008F97     36759   0.0043820
   523 | 00905F     36959   0.0044059
   524 | 009127     37159   0.0044297
   525 | 0091F1     37361   0.0044538
   526 | 0092BC     37564   0.0044780
   527 | 009388     37768   0.0045023
   528 | 009455     37973   0.0045267
   529 | 009523     38179   0.0045513
   530 | 0095F3     38387   0.0045761
   531 | 0096C3     38595   0.0046009
   532 | 009795     38805   0.0046259
   533 | 009867     39015   0.0046510
   534 | 00993B     39227   0.0046762
   535 | 009A10     39440   0.0047016
   536 | 009AE6     39654   0.0047271
   537 | 009BBE     39870   0.0047529
   538 | 009C96     40086   0.0047786
   539 | 009D70     40304   0.0048046
   540 | 009E4B     40523   0.0048307
   541 | 009F27     40743   0.0048569
   542 | 00A004     40964   0.0048833
   543 | 00A0E2     41186   0.0049098
   544 | 00A1C2     41410   0.0049365
   545 | 00A2A3     41635   0.0049633
   546 | 00A385     41861   0.0049902
   547 | 00A468     42088   0.0050173
   548 | 00A54D     42317   0.0050446
   549 | 00A633     42547   0.0050720
   550 | 00A71A     42778   0.0050995
   551 | 00A802     43010   0.0051272
   552 | 00A8EB     43243   0.0051550
   553 | 00A9D6     43478   0.0051830
   554 | 00AAC2     43714   0.0052111
   555 | 00ABB0     43952   0.0052395
   556 | 00AC9E     44190   0.0052679
   557 | 00AD8E     44430   0.0052965
   558 | 00AE7F     44671   0.0053252
   559 | 00AF72     44914   0.0053542
   560 | 00B066     45158   0.0053833
   561 | 00B15B     45403   0.0054125
   562 | 00B252     45650   0.0054419
   563 | 00B34A     45898   0.0054715
   564 | 00B443     46147   0.0055012
   565 | 00B53D     46397   0.0055310
   566 | 00B639     46649   0.0055610
   567 | 00B737     46903   0.0055913
   568 | 00B835     47157   0.0056216
   569 | 00B935     47413   0.0056521
   570 | 00BA37     47671   0.0056828
   571 | 00BB3A     47930   0.0057137
   572 | 00BC3E     48190   0.0057447
   573 | 00BD43     48451   0.0057758
   574 | 00BE4B     48715   0.0058073
   575 | 00BF53     48979   0.0058388
   576 | 00C05D     49245   0.0058705
   577 | 00C168     49512   0.0059023
   578 | 00C275     49781   0.0059344
   579 | 00C384     50052   0.0059667
   580 | 00C493     50323   0.0059990
   581 | 00C5A5     50597   0.0060316
   582 | 00C6B7     50871   0.0060643
   583 | 00C7CC     51148   0.0060973
   584 | 00C8E1     51425   0.0061303
   585 | 00C9F8     51704   0.0061636
   586 | 00CB11     51985   0.0061971
   587 | 00CC2B     52267   0.0062307
   588 | 00CD47     52551   0.0062646
   589 | 00CE65     52837   0.0062987
   590 | 00CF84     53124   0.0063329
   591 | 00D0A4     53412   0.0063672
   592 | 00D1C6     53702   0.0064018
   593 | 00D2EA     53994   0.0064366
   594 | 00D40F     54287   0.0064715
   595 | 00D536     54582   0.0065067
   596 | 00D65E     54878   0.0065420
   597 | 00D788     55176   0.0065775
   598 | 00D8B3     55475   0.0066131
   599 | 00D9E1     55777   0.0066491
   600 | 00DB10     56080   0.0066853
   601 | 00DC40     56384   0.0067215
   602 | 00DD72     56690   0.0067580
   603 | 00DEA6     56998   0.0067947
   604 | 00DFDC     57308   0.0068316
   605 | 00E113     57619   0.0068687
   606 | 00E24C     57932   0.0069060
   607 | 00E386     58246   0.0069435
   608 | 00E4C2     58562   0.0069811
   609 | 00E600     58880   0.0070190
   610 | 00E740     59200   0.0070572
   611 | 00E882     59522   0.0070956
   612 | 00E9C5     59845   0.0071341
   613 | 00EB0A     60170   0.0071728
   614 | 00EC50     60496   0.0072117
   615 | 00ED99     60825   0.0072509
   616 | 00EEE3     61155   0.0072902
   617 | 00F02F     61487   0.0073298
   618 | 00F17D     61821   0.0073696
   619 | 00F2CD     62157   0.0074097
   620 | 00F41E     62494   0.0074499
   621 | 00F572     62834   0.0074904
   622 | 00F6C7     63175   0.0075310
   623 | 00F81E     63518   0.0075719
   624 | 00F977     63863   0.0076131
   625 | 00FAD1     64209   0.0076543
   626 | 00FC2E     64558   0.0076959
   627 | 00FD8D     64909   0.0077378
   628 | 00FEED     65261   0.0077797
   629 | 01004F     65615   0.0078219
   630 | 0101B4     65972   0.0078645
   631 | 01031A     66330   0.0079072
   632 | 010482     66690   0.0079501
   633 | 0105EC     67052   0.0079932
   634 | 010758     67416   0.0080366
   635 | 0108C6     67782   0.0080802
   636 | 010A36     68150   0.0081241
   637 | 010BA8     68520   0.0081682
   638 | 010D1C     68892   0.0082126
   639 | 010E92     69266   0.0082572
   640 | 01100B     69643   0.0083021
   641 | 011185     70021   0.0083472
   642 | 011301     70401   0.0083925
   643 | 01147F     70783   0.0084380
   644 | 0115FF     71167   0.0084838
   645 | 011782     71554   0.0085299
   646 | 011906     71942   0.0085762
   647 | 011A8D     72333   0.0086228
   648 | 011C16     72726   0.0086696
   649 | 011DA1     73121   0.0087167
   650 | 011F2E     73518   0.0087640
   651 | 0120BD     73917   0.0088116
   652 | 01224E     74318   0.0088594
   653 | 0123E2     74722   0.0089076
   654 | 012578     75128   0.0089560
   655 | 01270F     75535   0.0090045
   656 | 0128AA     75946   0.0090535
   657 | 012A46     76358   0.0091026
   658 | 012BE5     76773   0.0091521
   659 | 012D85     77189   0.0092016
   660 | 012F29     77609   0.0092517
   661 | 0130CE     78030   0.0093019
   662 | 013276     78454   0.0093524
   663 | 013420     78880   0.0094032
   664 | 0135CC     79308   0.0094543
   665 | 01377A     79738   0.0095055
   666 | 01392B     80171   0.0095571
   667 | 013ADF     80607   0.0096091
   668 | 013C94     81044   0.0096612
   669 | 013E4C     81484   0.0097136
   670 | 014007     81927   0.0097665
   671 | 0141C4     82372   0.0098195
   672 | 014383     82819   0.0098728
   673 | 014545     83269   0.0099264
   674 | 014709     83721   0.0099803
   675 | 0148CF     84175   0.0100344
   676 | 014A98     84632   0.0100889
   677 | 014C64     85092   0.0101438
   678 | 014E32     85554   0.0101988
   679 | 015003     86019   0.0102543
   680 | 0151D6     86486   0.0103099
   681 | 0153AB     86955   0.0103658
   682 | 015583     87427   0.0104221
   683 | 01575E     87902   0.0104787
   684 | 01593B     88379   0.0105356
   685 | 015B1B     88859   0.0105928
   686 | 015CFE     89342   0.0106504
   687 | 015EE3     89827   0.0107082
   688 | 0160CB     90315   0.0107664
   689 | 0162B5     90805   0.0108248
   690 | 0164A2     91298   0.0108836
   691 | 016692     91794   0.0109427
   692 | 016884     92292   0.0110021
   693 | 016A79     92793   0.0110618
   694 | 016C71     93297   0.0111219
   695 | 016E6C     93804   0.0111823
   696 | 017069     94313   0.0112430
   697 | 017269     94825   0.0113040
   698 | 01746C     95340   0.0113654
   699 | 017672     95858   0.0114272
   700 | 01787A     96378   0.0114892
   701 | 017A85     96901   0.0115515
   702 | 017C93     97427   0.0116142
   703 | 017EA4     97956   0.0116773
   704 | 0180B8     98488   0.0117407
   705 | 0182CF     99023   0.0118045
   706 | 0184E9     99561   0.0118686
   707 | 018705    100101   0.0119330
   708 | 018925    100645   0.0119978
   709 | 018B47    101191   0.0120629
   710 | 018D6D    101741   0.0121285
   711 | 018F95    102293   0.0121943
   712 | 0191C1    102849   0.0122606
   713 | 0193EF    103407   0.0123271
   714 | 019620    103968   0.0123940
   715 | 019855    104533   0.0124613
   716 | 019A8D    105101   0.0125290
   717 | 019CC7    105671   0.0125970
   718 | 019F05    106245   0.0126654
   719 | 01A146    106822   0.0127342
   720 | 01A38A    107402   0.0128033
   721 | 01A5D1    107985   0.0128728
   722 | 01A81B    108571   0.0129427
   723 | 01AA69    109161   0.0130130
   724 | 01ACB9    109753   0.0130836
   725 | 01AF0D    110349   0.0131546
   726 | 01B165    110949   0.0132262
   727 | 01B3BF    111551   0.0132979
   728 | 01B61D    112157   0.0133702
   729 | 01B87E    112766   0.0134428
   730 | 01BAE2    113378   0.0135157
   731 | 01BD49    113993   0.0135890
   732 | 01BFB4    114612   0.0136628
   733 | 01C223    115235   0.0137371
   734 | 01C494    115860   0.0138116
   735 | 01C709    116489   0.0138866
   736 | 01C982    117122   0.0139620
   737 | 01CBFE    117758   0.0140378
   738 | 01CE7D    118397   0.0141140
   739 | 01D100    119040   0.0141907
   740 | 01D386    119686   0.0142677
   741 | 01D610    120336   0.0143452
   742 | 01D89E    120990   0.0144231
   743 | 01DB2E    121646   0.0145013
   744 | 01DDC3    122307   0.0145801
   745 | 01E05B    122971   0.0146593
   746 | 01E2F7    123639   0.0147389
   747 | 01E596    124310   0.0148189
   748 | 01E839    124985   0.0148994
   749 | 01EAE0    125664   0.0149803
   750 | 01ED8A    126346   0.0150616
   751 | 01F038    127032   0.0151434
   752 | 01F2EA    127722   0.0152256
   753 | 01F59F    128415   0.0153083
   754 | 01F858    129112   0.0153913
   755 | 01FB15    129813   0.0154749
   756 | 01FDD6    130518   0.0155590
   757 | 02009B    131227   0.0156435
   758 | 020363    131939   0.0157284
   759 | 020630    132656   0.0158138
   760 | 020900    133376   0.0158997
   761 | 020BD4    134100   0.0159860
   762 | 020EAC    134828   0.0160728
   763 | 021188    135560   0.0161600
   764 | 021468    136296   0.0162477
   765 | 02174C    137036   0.0163360
   766 | 021A34    137780   0.0164247
   767 | 021D20    138528   0.0165138
   768 | 022010    139280   0.0166035
   769 | 022305    140037   0.0166937
   770 | 0225FD    140797   0.0167843
   771 | 0228F9    141561   0.0168754
   772 | 022BFA    142330   0.0169671
   773 | 022EFF    143103   0.0170592
   774 | 023208    143880   0.0171518
   775 | 023515    144661   0.0172449
   776 | 023826    145446   0.0173385
   777 | 023B3C    146236   0.0174327
   778 | 023E56    147030   0.0175273
   779 | 024174    147828   0.0176225
   780 | 024497    148631   0.0177182
   781 | 0247BE    149438   0.0178144
   782 | 024AE9    150249   0.0179111
   783 | 024E19    151065   0.0180084
   784 | 02514D    151885   0.0181061
   785 | 025486    152710   0.0182045
   786 | 0257C3    153539   0.0183033
   787 | 025B04    154372   0.0184026
   788 | 025E4A    155210   0.0185025
   789 | 026195    156053   0.0186030
   790 | 0264E4    156900   0.0187039
   791 | 026838    157752   0.0188055
   792 | 026B91    158609   0.0189077
   793 | 026EEE    159470   0.0190103
   794 | 027250    160336   0.0191135
   795 | 0275B6    161206   0.0192173
   796 | 027921    162081   0.0193216
   797 | 027C91    162961   0.0194265
   798 | 028006    163846   0.0195320
   799 | 028380    164736   0.0196381
   800 | 0286FE    165630   0.0197446
   801 | 028A81    166529   0.0198518
   802 | 028E09    167433   0.0199596
   803 | 029196    168342   0.0200679
   804 | 029528    169256   0.0201769
   805 | 0298BF    170175   0.0202864
   806 | 029C5B    171099   0.0203966
   807 | 029FFC    172028   0.0205073
   808 | 02A3A2    172962   0.0206187
   809 | 02A74D    173901   0.0207306
   810 | 02AAFD    174845   0.0208431
   811 | 02AEB2    175794   0.0209563
   812 | 02B26D    176749   0.0210701
   813 | 02B62C    177708   0.0211844
   814 | 02B9F1    178673   0.0212995
   815 | 02BDBB    179643   0.0214151
   816 | 02C18B    180619   0.0215315
   817 | 02C55F    181599   0.0216483
   818 | 02C939    182585   0.0217658
   819 | 02CD18    183576   0.0218840
   820 | 02D0FD    184573   0.0220028
   821 | 02D4E7    185575   0.0221223
   822 | 02D8D6    186582   0.0222423
   823 | 02DCCB    187595   0.0223631
   824 | 02E0C6    188614   0.0224845
   825 | 02E4C6    189638   0.0226066
   826 | 02E8CB    190667   0.0227293
   827 | 02ECD7    191703   0.0228528
   828 | 02F0E7    192743   0.0229768
   829 | 02F4FE    193790   0.0231016
   830 | 02F91A    194842   0.0232270
   831 | 02FD3C    195900   0.0233531
   832 | 030163    196963   0.0234798
   833 | 030590    198032   0.0236073
   834 | 0309C3    199107   0.0237354
   835 | 030DFC    200188   0.0238643
   836 | 03123B    201275   0.0239938
   837 | 031680    202368   0.0241241
   838 | 031ACA    203466   0.0242550
   839 | 031F1B    204571   0.0243868
   840 | 032372    205682   0.0245192
   841 | 0327CE    206798   0.0246522
   842 | 032C31    207921   0.0247861
   843 | 03309A    209050   0.0249207
   844 | 033509    210185   0.0250560
   845 | 03397E    211326   0.0251920
   846 | 033DF9    212473   0.0253288
   847 | 03427A    213626   0.0254662
   848 | 034702    214786   0.0256045
   849 | 034B90    215952   0.0257435
   850 | 035024    217124   0.0258832
   851 | 0354BF    218303   0.0260237
   852 | 035960    219488   0.0261650
   853 | 035E08    220680   0.0263071
   854 | 0362B6    221878   0.0264499
   855 | 03676A    223082   0.0265934
   856 | 036C25    224293   0.0267378
   857 | 0370E7    225511   0.0268830
   858 | 0375AF    226735   0.0270289
   859 | 037A7E    227966   0.0271757
   860 | 037F53    229203   0.0273231
   861 | 038430    230448   0.0274715
   862 | 038913    231699   0.0276207
   863 | 038DFC    232956   0.0277705
   864 | 0392ED    234221   0.0279213
   865 | 0397E4    235492   0.0280728
   866 | 039CE3    236771   0.0282253
   867 | 03A1E8    238056   0.0283785
   868 | 03A6F4    239348   0.0285325
   869 | 03AC08    240648   0.0286875
   870 | 03B122    241954   0.0288432
   871 | 03B643    243267   0.0289997
   872 | 03BB6C    244588   0.0291572
   873 | 03C09C    245916   0.0293155
   874 | 03C5D3    247251   0.0294746
   875 | 03CB11    248593   0.0296346
   876 | 03D056    249942   0.0297954
   877 | 03D5A3    251299   0.0299572
   878 | 03DAF7    252663   0.0301198
   879 | 03E052    254034   0.0302832
   880 | 03E5B5    255413   0.0304476
   881 | 03EB20    256800   0.0306129
   882 | 03F092    258194   0.0307791
   883 | 03F60B    259595   0.0309461
   884 | 03FB8C    261004   0.0311141
   885 | 040115    262421   0.0312830
   886 | 0406A6    263846   0.0314529
   887 | 040C3E    265278   0.0316236
   888 | 0411DE    266718   0.0317953
   889 | 041786    268166   0.0319679
   890 | 041D35    269621   0.0321413
   891 | 0422ED    271085   0.0323159
   892 | 0428AC    272556   0.0324912
   893 | 042E74    274036   0.0326676
   894 | 043443    275523   0.0328449
   895 | 043A1B    277019   0.0330232
   896 | 043FFA    278522   0.0332024
   897 | 0445E2    280034   0.0333827
   898 | 044BD2    281554   0.0335639
   899 | 0451CA    283082   0.0337460
   900 | 0457CB    284619   0.0339292
   901 | 045DD4    286164   0.0341134
   902 | 0463E5    287717   0.0342985
   903 | 0469FE    289278   0.0344846
   904 | 047021    290849   0.0346719
   905 | 04764B    292427   0.0348600
   906 | 047C7E    294014   0.0350492
   907 | 0482BA    295610   0.0352395
   908 | 0488FF    297215   0.0354308
   909 | 048F4C    298828   0.0356231
   910 | 0495A2    300450   0.0358164
   911 | 049C00    302080   0.0360107
   912 | 04A268    303720   0.0362062
   913 | 04A8D8    305368   0.0364027
   914 | 04AF52    307026   0.0366004
   915 | 04B5D4    308692   0.0367990
   916 | 04BC60    310368   0.0369987
   917 | 04C2F4    312052   0.0371995
   918 | 04C992    313746   0.0374014
   919 | 04D039    315449   0.0376045
   920 | 04D6E9    317161   0.0378085
   921 | 04DDA2    318882   0.0380137
   922 | 04E465    320613   0.0382200
   923 | 04EB31    322353   0.0384275
   924 | 04F206    324102   0.0386360
   925 | 04F8E5    325861   0.0388457
   926 | 04FFCE    327630   0.0390565
   927 | 0506C0    329408   0.0392685
   928 | 050DBB    331195   0.0394815
   929 | 0514C1    332993   0.0396959
   930 | 051BD0    334800   0.0399113
   931 | 0522E9    336617   0.0401279
   932 | 052A0C    338444   0.0403457
   933 | 053138    340280   0.0405645
   934 | 05386F    342127   0.0407847
   935 | 053FB0    343984   0.0410061
   936 | 0546FA    345850   0.0412285
   937 | 054E4F    347727   0.0414523
   938 | 0555AE    349614   0.0416772
   939 | 055D18    351512   0.0419035
   940 | 05648B    353419   0.0421308
   941 | 056C09    355337   0.0423595
   942 | 057391    357265   0.0425893
   943 | 057B24    359204   0.0428205
   944 | 0582C1    361153   0.0430528
   945 | 058A69    363113   0.0432864
   946 | 05921C    365084   0.0435214
   947 | 0599D9    367065   0.0437576
   948 | 05A1A1    369057   0.0439950
   949 | 05A973    371059   0.0442337
   950 | 05B151    373073   0.0444738
   951 | 05B939    375097   0.0447150
   952 | 05C12C    377132   0.0449576
   953 | 05C92B    379179   0.0452017
   954 | 05D134    381236   0.0454469
   955 | 05D949    383305   0.0456935
   956 | 05E169    385385   0.0459415
   957 | 05E994    387476   0.0461907
   958 | 05F1CA    389578   0.0464413
   959 | 05FA0C    391692   0.0466933
   960 | 060259    393817   0.0469466
   961 | 060AB2    395954   0.0472014
   962 | 061317    398103   0.0474576
   963 | 061B87    400263   0.0477151
   964 | 062402    402434   0.0479739
   965 | 062C8A    404618   0.0482342
   966 | 06351D    406813   0.0484959
   967 | 063DBC    409020   0.0487590
   968 | 064668    411240   0.0490236
   969 | 064F1F    413471   0.0492896
   970 | 0657E2    415714   0.0495570
   971 | 0660B1    417969   0.0498258
   972 | 06698D    420237   0.0500962
   973 | 067275    422517   0.0503680
   974 | 067B69    424809   0.0506412
   975 | 06846A    427114   0.0509160
   976 | 068D77    429431   0.0511922
   977 | 069691    431761   0.0514699
   978 | 069FB7    434103   0.0517491
   979 | 06A8EA    436458   0.0520298
   980 | 06B22A    438826   0.0523121
   981 | 06BB77    441207   0.0525960
   982 | 06C4D0    443600   0.0528812
   983 | 06CE36    446006   0.0531681
   984 | 06D7AA    448426   0.0534565
   985 | 06E12A    450858   0.0537465
   986 | 06EAB8    453304   0.0540380
   987 | 06F453    455763   0.0543312
   988 | 06FDFB    458235   0.0546259
   989 | 0707B1    460721   0.0549222
   990 | 071174    463220   0.0552201
   991 | 071B45    465733   0.0555197
   992 | 072523    468259   0.0558208
   993 | 072F0F    470799   0.0561236
   994 | 073909    473353   0.0564281
   995 | 074310    475920   0.0567341
   996 | 074D26    478502   0.0570419
   997 | 075749    481097   0.0573512
   998 | 07617B    483707   0.0576624
   999 | 076BBA    486330   0.0579751
  1000 | 077608    488968   0.0582895
  1001 | 078064    491620   0.0586057
  1002 | 078ACE    494286   0.0589235
  1003 | 079547    496967   0.0592431
  1004 | 079FCE    499662   0.0595644
  1005 | 07AA64    502372   0.0598874
  1006 | 07B509    505097   0.0602123
  1007 | 07BFBC    507836   0.0605388
  1008 | 07CA7E    510590   0.0608671
  1009 | 07D54F    513359   0.0611972
  1010 | 07E02F    516143   0.0615290
  1011 | 07EB1E    518942   0.0618627
  1012 | 07F61C    521756   0.0621982
  1013 | 08012A    524586   0.0625355
  1014 | 080C46    527430   0.0628746
  1015 | 081772    530290   0.0632155
  1016 | 0822AE    533166   0.0635583
  1017 | 082DF9    536057   0.0639030
  1018 | 083954    538964   0.0642495
  1019 | 0844BE    541886   0.0645978
  1020 | 085039    544825   0.0649482
  1021 | 085BC3    547779   0.0653003
  1022 | 08675D    550749   0.0656544
  1023 | 087307    553735   0.0660104
  1024 | 087EC1    556737   0.0663682
  1025 | 088A8C    559756   0.0667281
  1026 | 089667    562791   0.0670899
  1027 | 08A252    565842   0.0674536
  1028 | 08AE4E    568910   0.0678194
  1029 | 08BA5A    571994   0.0681870
  1030 | 08C677    575095   0.0685567
  1031 | 08D2A5    578213   0.0689284
  1032 | 08DEE3    581347   0.0693020
  1033 | 08EB33    584499   0.0696777
  1034 | 08F794    587668   0.0700555
  1035 | 090405    590853   0.0704352
  1036 | 091088    594056   0.0708170
  1037 | 091D1C    597276   0.0712008
  1038 | 0929C2    600514   0.0715868
  1039 | 093679    603769   0.0719749
  1040 | 094342    607042   0.0723650
  1041 | 09501C    610332   0.0727572
  1042 | 095D08    613640   0.0731516
  1043 | 096A06    616966   0.0735481
  1044 | 097716    620310   0.0739467
  1045 | 098438    623672   0.0743475
  1046 | 09916C    627052   0.0747504
  1047 | 099EB3    630451   0.0751556
  1048 | 09AC0C    633868   0.0755630
  1049 | 09B977    637303   0.0759724
  1050 | 09C6F5    640757   0.0763842
  1051 | 09D485    644229   0.0767981
  1052 | 09E228    647720   0.0772142
  1053 | 09EFDE    651230   0.0776327
  1054 | 09FDA7    654759   0.0780534
  1055 | 0A0B83    658307   0.0784763
  1056 | 0A1972    661874   0.0789015
  1057 | 0A2775    665461   0.0793291
  1058 | 0A358A    669066   0.0797589
  1059 | 0A43B4    672692   0.0801911
  1060 | 0A51F0    676336   0.0806255
  1061 | 0A6041    680001   0.0810624
  1062 | 0A6EA5    683685   0.0815016
  1063 | 0A7D1D    687389   0.0819432
  1064 | 0A8BA9    691113   0.0823871
  1065 | 0A9A49    694857   0.0828334
  1066 | 0AA8FD    698621   0.0832821
  1067 | 0AB7C6    702406   0.0837333
  1068 | 0AC6A3    706211   0.0841869
  1069 | 0AD594    710036   0.0846429
  1070 | 0AE49A    713882   0.0851014
  1071 | 0AF3B5    717749   0.0855623
  1072 | 0B02E5    721637   0.0860258
  1073 | 0B122A    725546   0.0864918
  1074 | 0B2183    729475   0.0869602
  1075 | 0B30F2    733426   0.0874312
  1076 | 0B4076    737398   0.0879047
  1077 | 0B5010    741392   0.0883808
  1078 | 0B5FBF    745407   0.0888594
  1079 | 0B6F84    749444   0.0893407
  1080 | 0B7F5E    753502   0.0898244
  1081 | 0B8F4E    757582   0.0903108
  1082 | 0B9F55    761685   0.0907999
  1083 | 0BAF71    765809   0.0912915
  1084 | 0BBFA4    769956   0.0917859
  1085 | 0BCFED    774125   0.0922829
  1086 | 0BE04C    778316   0.0927825
  1087 | 0BF0C2    782530   0.0932848
  1088 | 0C014E    786766   0.0937898
  1089 | 0C11F2    791026   0.0942976
  1090 | 0C22AC    795308   0.0948081
  1091 | 0C337E    799614   0.0953214
  1092 | 0C4466    803942   0.0958374
  1093 | 0C5566    808294   0.0963562
  1094 | 0C667D    812669   0.0968777
  1095 | 0C77AC    817068   0.0974021
  1096 | 0C88F2    821490   0.0979292
  1097 | 0C9A50    825936   0.0984592
  1098 | 0CABC6    830406   0.0989921
  1099 | 0CBD55    834901   0.0995280
  1100 | 0CCEFB    839419   0.1000665
  1101 | 0CE0B9    843961   0.1006080
  1102 | 0CF290    848528   0.1011524
  1103 | 0D0480    853120   0.1016998
  1104 | 0D1688    857736   0.1022501
  1105 | 0D28A9    862377   0.1028033
  1106 | 0D3AE3    867043   0.1033596
  1107 | 0D4D36    871734   0.1039188
  1108 | 0D5FA2    876450   0.1044810
  1109 | 0D7228    881192   0.1050463
  1110 | 0D84C7    885959   0.1056145
  1111 | 0D977F    890751   0.1061858
  1112 | 0DAA51    895569   0.1067601
  1113 | 0DBD3E    900414   0.1073377
  1114 | 0DD044    905284   0.1079183
  1115 | 0DE364    910180   0.1085019
  1116 | 0DF69F    915103   0.1090888
  1117 | 0E09F4    920052   0.1096787
  1118 | 0E1D63    925027   0.1102718
  1119 | 0E30ED    930029   0.1108681
  1120 | 0E4492    935058   0.1114676
  1121 | 0E5852    940114   0.1120703
  1122 | 0E6C2D    945197   0.1126763
  1123 | 0E8024    950308   0.1132855
  1124 | 0E9435    955445   0.1138979
  1125 | 0EA863    960611   0.1145138
  1126 | 0EBCAB    965803   0.1151327
  1127 | 0ED110    971024   0.1157551
  1128 | 0EE591    976273   0.1163808
  1129 | 0EFA2E    981550   0.1170099
  1130 | 0F0EE7    986855   0.1176423
  1131 | 0F23BC    992188   0.1182780
  1132 | 0F38AE    997550   0.1189172
  1133 | 0F4DBD   1002941   0.1195599
  1134 | 0F62E8   1008360   0.1202059
  1135 | 0F7831   1013809   0.1208555
  1136 | 0F8D97   1019287   0.1215085
  1137 | 0FA31A   1024794   0.1221650
  1138 | 0FB8BA   1030330   0.1228249
  1139 | 0FCE78   1035896   0.1234884
  1140 | 0FE454   1041492   0.1241555
  1141 | 0FFA4E   1047118   0.1248262
  1142 | 101066   1052774   0.1255004
  1143 | 10269C   1058460   0.1261783
  1144 | 103CF0   1064176   0.1268597
  1145 | 105363   1069923   0.1275448
  1146 | 1069F4   1075700   0.1282334
  1147 | 1080A5   1081509   0.1289259
  1148 | 109774   1087348   0.1296220
  1149 | 10AE63   1093219   0.1303219
  1150 | 10C571   1099121   0.1310254
  1151 | 10DC9E   1105054   0.1317327
  1152 | 10F3EC   1111020   0.1324439
  1153 | 110B58   1117016   0.1331587
  1154 | 1122E5   1123045   0.1338774
  1155 | 113A92   1129106   0.1345999
  1156 | 115260   1135200   0.1353264
  1157 | 116A4E   1141326   0.1360567
  1158 | 11825C   1147484   0.1367908
  1159 | 119A8B   1153675   0.1375288
  1160 | 11B2DB   1159899   0.1382707
  1161 | 11CB4D   1166157   0.1390167
  1162 | 11E3DF   1172447   0.1397666
  1163 | 11FC94   1178772   0.1405206
  1164 | 121569   1185129   0.1412784
  1165 | 122E61   1191521   0.1420404
  1166 | 12477B   1197947   0.1428064
  1167 | 1260B6   1204406   0.1435764
  1168 | 127A15   1210901   0.1443506
  1169 | 129395   1217429   0.1451288
  1170 | 12AD39   1223993   0.1459113
  1171 | 12C6FF   1230591   0.1466979
  1172 | 12E0E8   1237224   0.1474886
  1173 | 12FAF4   1243892   0.1482835
  1174 | 131524   1250596   0.1490827
  1175 | 132F78   1257336   0.1498861
  1176 | 1349EF   1264111   0.1506938
  1177 | 13648A   1270922   0.1515057
  1178 | 137F49   1277769   0.1523219
  1179 | 139A2D   1284653   0.1531426
  1180 | 13B535   1291573   0.1539675
  1181 | 13D062   1298530   0.1547968
  1182 | 13EBB3   1305523   0.1556305
  1183 | 14072A   1312554   0.1564686
  1184 | 1422C6   1319622   0.1573112
  1185 | 143E87   1326727   0.1581582
  1186 | 145A6E   1333870   0.1590097
  1187 | 14767A   1341050   0.1598656
  1188 | 1492AD   1348269   0.1607262
  1189 | 14AF06   1355526   0.1615913
  1190 | 14CB85   1362821   0.1624609
  1191 | 14E82A   1370154   0.1633351
  1192 | 1504F7   1377527   0.1642140
  1193 | 1521EA   1384938   0.1650975
  1194 | 153F04   1392388   0.1659856
  1195 | 155C46   1399878   0.1668785
  1196 | 1579AF   1407407   0.1677760
  1197 | 159740   1414976   0.1686783
  1198 | 15B4F9   1422585   0.1695853
  1199 | 15D2DA   1430234   0.1704972
  1200 | 15F0E4   1437924   0.1714139
  1201 | 160F15   1445653   0.1723353
  1202 | 162D70   1453424   0.1732616
  1203 | 164BF3   1461235   0.1741928
  1204 | 166AA0   1469088   0.1751289
  1205 | 168975   1476981   0.1760699
  1206 | 16A875   1484917   0.1770159
  1207 | 16C79E   1492894   0.1779668
  1208 | 16E6F0   1500912   0.1789227
  1209 | 17066D   1508973   0.1798836
  1210 | 172615   1517077   0.1808497
  1211 | 1745E7   1525223   0.1818208
  1212 | 1765E3   1533411   0.1827968
  1213 | 17860B   1541643   0.1837782
  1214 | 17A65D   1549917   0.1847645
  1215 | 17C6DB   1558235   0.1857561
  1216 | 17E785   1566597   0.1867529
  1217 | 18085A   1575002   0.1877549
  1218 | 18295C   1583452   0.1887622
  1219 | 184A89   1591945   0.1897746
  1220 | 186BE3   1600483   0.1907924
  1221 | 188D6A   1609066   0.1918156
  1222 | 18AF1D   1617693   0.1928440
  1223 | 18D0FE   1626366   0.1938779
  1224 | 18F30B   1635083   0.1949171
  1225 | 191546   1643846   0.1959617
  1226 | 1937AF   1652655   0.1970118
  1227 | 195A46   1661510   0.1980674
  1228 | 197D0B   1670411   0.1991285
  1229 | 199FFF   1679359   0.2001952
  1230 | 19C321   1688353   0.2012674
  1231 | 19E671   1697393   0.2023450
  1232 | 1A09F1   1706481   0.2034284
  1233 | 1A2DA0   1715616   0.2045174
  1234 | 1A517E   1724798   0.2056119
  1235 | 1A758D   1734029   0.2067124
  1236 | 1A99CB   1743307   0.2078184
  1237 | 1ABE39   1752633   0.2089301
  1238 | 1AE2D7   1762007   0.2100476
  1239 | 1B07A6   1771430   0.2111709
  1240 | 1B2CA6   1780902   0.2123001
  1241 | 1B51D7   1790423   0.2134351
  1242 | 1B7739   1799993   0.2145759
  1243 | 1B9CCD   1809613   0.2157227
  1244 | 1BC293   1819283   0.2168754
  1245 | 1BE88A   1829002   0.2180340
  1246 | 1C0EB3   1838771   0.2191986
  1247 | 1C350F   1848591   0.2203692
  1248 | 1C5B9E   1858462   0.2215459
  1249 | 1C825F   1868383   0.2227286
  1250 | 1CA954   1878356   0.2239175
  1251 | 1CD07C   1888380   0.2251124
  1252 | 1CF7D7   1898455   0.2263135
  1253 | 1D1F67   1908583   0.2275208
  1254 | 1D472A   1918762   0.2287343
  1255 | 1D6F21   1928993   0.2299539
  1256 | 1D974E   1939278   0.2311800
  1257 | 1DBFAE   1949614   0.2324121
  1258 | 1DE844   1960004   0.2336507
  1259 | 1E110F   1970447   0.2348956
  1260 | 1E3A10   1980944   0.2361469
  1261 | 1E6346   1991494   0.2374046
  1262 | 1E8CB2   2002098   0.2386687
  1263 | 1EB654   2012756   0.2399392
  1264 | 1EE02C   2023468   0.2412162
  1265 | 1F0A3C   2034236   0.2424998
  1266 | 1F3482   2045058   0.2437899
  1267 | 1F5EFF   2055935   0.2450866
  1268 | 1F89B4   2066868   0.2463899
  1269 | 1FB4A0   2077856   0.2476997
  1270 | 1FDFC4   2088900   0.2490163
  1271 | 200B20   2100000   0.2503395
  1272 | 2036B4   2111156   0.2516694
  1273 | 206281   2122369   0.2530061
  1274 | 208E87   2133639   0.2543496
  1275 | 20BAC6   2144966   0.2556999
  1276 | 20E73E   2156350   0.2570570
  1277 | 2113F0   2167792   0.2584209
  1278 | 2140DB   2179291   0.2597917
  1279 | 216E00   2190848   0.2611694
  1280 | 219B60   2202464   0.2625542
  1281 | 21C8FA   2214138   0.2639458
  1282 | 21F6CF   2225871   0.2653445
  1283 | 2224DF   2237663   0.2667502
  1284 | 22532A   2249514   0.2681630
  1285 | 2281B1   2261425   0.2695829
  1286 | 22B073   2273395   0.2710098
  1287 | 22DF71   2285425   0.2724439
  1288 | 230EAC   2297516   0.2738853
  1289 | 233E23   2309667   0.2753338
  1290 | 236DD7   2321879   0.2767895
  1291 | 239DC7   2334151   0.2782525
  1292 | 23CDF5   2346485   0.2797228
  1293 | 23FE60   2358880   0.2812004
  1294 | 242F09   2371337   0.2826854
  1295 | 245FF0   2383856   0.2841778
  1296 | 249115   2396437   0.2856776
  1297 | 24C278   2409080   0.2871847
  1298 | 24F41A   2421786   0.2886994
  1299 | 2525FB   2434555   0.2902216
  1300 | 25581B   2447387   0.2917513
  1301 | 258A7A   2460282   0.2932885
  1302 | 25BD19   2473241   0.2948333
  1303 | 25EFF8   2486264   0.2963858
  1304 | 262317   2499351   0.2979459
  1305 | 265676   2512502   0.2995136
  1306 | 268A16   2525718   0.3010890
  1307 | 26BDF7   2538999   0.3026723
  1308 | 26F218   2552344   0.3042631
  1309 | 27267B   2565755   0.3058618
  1310 | 275B20   2579232   0.3074684
  1311 | 279006   2592774   0.3090827
  1312 | 27C52E   2606382   0.3107049
  1313 | 27FA99   2620057   0.3123351
  1314 | 283046   2633798   0.3139732
  1315 | 286635   2647605   0.3156191
  1316 | 289C68   2661480   0.3172731
  1317 | 28D2DE   2675422   0.3189352
  1318 | 290997   2689431   0.3206052
  1319 | 294094   2703508   0.3222833
  1320 | 2977D5   2717653   0.3239695
  1321 | 29AF5A   2731866   0.3256638
  1322 | 29E723   2746147   0.3273662
  1323 | 2A1F31   2760497   0.3290769
  1324 | 2A5783   2774915   0.3307956
  1325 | 2A901B   2789403   0.3325227
  1326 | 2AC8F8   2803960   0.3342581
  1327 | 2B021A   2818586   0.3360016
  1328 | 2B3B82   2833282   0.3377535
  1329 | 2B7530   2848048   0.3395138
  1330 | 2BAF24   2862884   0.3412824
  1331 | 2BE95E   2877790   0.3430593
  1332 | 2C23DF   2892767   0.3448447
  1333 | 2C5EA7   2907815   0.3466386
  1334 | 2C99B6   2922934   0.3484409
  1335 | 2CD50C   2938124   0.3502517
  1336 | 2D10A9   2953385   0.3520709
  1337 | 2D4C8E   2968718   0.3538988
  1338 | 2D88BB   2984123   0.3557352
  1339 | 2DC52F   2999599   0.3575801
  1340 | 2E01EC   3015148   0.3594337
  1341 | 2E3EF2   3030770   0.3612959
  1342 | 2E7C40   3046464   0.3631668
  1343 | 2EB9D7   3062231   0.3650464
  1344 | 2EF7B7   3078071   0.3669347
  1345 | 2F35E0   3093984   0.3688316
  1346 | 2F7453   3109971   0.3707374
  1347 | 2FB30F   3126031   0.3726519
  1348 | 2FF216   3142166   0.3745754
  1349 | 303166   3158374   0.3765075
  1350 | 307100   3174656   0.3784485
  1351 | 30B0E5   3191013   0.3803984
  1352 | 30F114   3207444   0.3823571
  1353 | 31318E   3223950   0.3843248
  1354 | 317252   3240530   0.3863013
  1355 | 31B362   3257186   0.3882868
  1356 | 31F4BD   3273917   0.3902813
  1357 | 323663   3290723   0.3922848
  1358 | 327855   3307605   0.3942972
  1359 | 32BA93   3324563   0.3963188
  1360 | 32FD1C   3341596   0.3983493
  1361 | 333FF2   3358706   0.4003890
  1362 | 338313   3375891   0.4024376
  1363 | 33C681   3393153   0.4044954
  1364 | 340A3B   3410491   0.4065622
  1365 | 344E42   3427906   0.4086382
  1366 | 349296   3445398   0.4107234
  1367 | 34D736   3462966   0.4128177
  1368 | 351C23   3480611   0.4149212
  1369 | 35615E   3498334   0.4170339
  1370 | 35A6E5   3516133   0.4191557
  1371 | 35ECBA   3534010   0.4212868
  1372 | 3632DD   3551965   0.4234272
  1373 | 36794D   3569997   0.4255768
  1374 | 36C00A   3588106   0.4277356
  1375 | 370715   3606293   0.4299036
  1376 | 374E6E   3624558   0.4320810
  1377 | 379615   3642901   0.4342676
  1378 | 37DE0A   3661322   0.4364636
  1379 | 38264D   3679821   0.4386688
  1380 | 386EDE   3698398   0.4408834
  1381 | 38B7BD   3717053   0.4431072
  1382 | 3900EB   3735787   0.4453405
  1383 | 394A67   3754599   0.4475831
  1384 | 399431   3773489   0.4498349
  1385 | 39DE4A   3792458   0.4520962
  1386 | 3A28B1   3811505   0.4543668
  1387 | 3A7366   3830630   0.4566467
  1388 | 3ABE6A   3849834   0.4589360
  1389 | 3B09BD   3869117   0.4612347
  1390 | 3B555E   3888478   0.4635427
  1391 | 3BA14E   3907918   0.4658601
  1392 | 3BED8C   3927436   0.4681869
  1393 | 3C3A19   3947033   0.4705230
  1394 | 3C86F5   3966709   0.4728686
  1395 | 3CD41F   3986463   0.4752234
  1396 | 3D2197   4006295   0.4775876
  1397 | 3D6F5E   4026206   0.4799612
  1398 | 3DBD74   4046196   0.4823442
  1399 | 3E0BD8   4066264   0.4847364
  1400 | 3E5A8A   4086410   0.4871380
  1401 | 3EA98B   4106635   0.4895490
  1402 | 3EF8D9   4126937   0.4919692
  1403 | 3F4876   4147318   0.4943988
  1404 | 3F9861   4167777   0.4968377
  1405 | 3FE89A   4188314   0.4992859
  1406 | 403921   4208929   0.5017434
  1407 | 4089F5   4229621   0.5042101
  1408 | 40DB17   4250391   0.5066861
  1409 | 412C87   4271239   0.5091714
  1410 | 417E44   4292164   0.5116658
  1411 | 41D04E   4313166   0.5141695
  1412 | 4222A5   4334245   0.5166823
  1413 | 427549   4355401   0.5192043
  1414 | 42C83A   4376634   0.5217354
  1415 | 431B77   4397943   0.5242757
  1416 | 436F01   4419329   0.5268251
  1417 | 43C2D7   4440791   0.5293835
  1418 | 4416F8   4462328   0.5319510
  1419 | 446B65   4483941   0.5345274
  1420 | 44C01E   4505630   0.5371130
  1421 | 451522   4527394   0.5397074
  1422 | 456A71   4549233   0.5423108
  1423 | 45C00A   4571146   0.5449231
  1424 | 4615EE   4593134   0.5475442
  1425 | 466C1C   4615196   0.5501742
  1426 | 46C294   4637332   0.5528131
  1427 | 471955   4659541   0.5554606
  1428 | 47705F   4681823   0.5581168
  1429 | 47C7B1   4704177   0.5607816
  1430 | 481F4D   4726605   0.5634552
  1431 | 487730   4749104   0.5661373
  1432 | 48CF5A   4771674   0.5688279
  1433 | 4927CC   4794316   0.5715270
  1434 | 498085   4817029   0.5742346
  1435 | 49D984   4839812   0.5769506
  1436 | 4A32C9   4862665   0.5796748
  1437 | 4A8C53   4885587   0.5824074
  1438 | 4AE623   4908579   0.5851482
  1439 | 4B4036   4931638   0.5878971
  1440 | 4B9A8E   4954766   0.5906541
  1441 | 4BF529   4977961   0.5934192
  1442 | 4C5007   5001223   0.5961922
  1443 | 4CAB27   5024551   0.5989732
  1444 | 4D0689   5047945   0.6017619
  1445 | 4D622C   5071404   0.6045585
  1446 | 4DBE10   5094928   0.6073627
  1447 | 4E1A33   5118515   0.6101745
  1448 | 4E7696   5142166   0.6129940
  1449 | 4ED338   5165880   0.6158209
  1450 | 4F3017   5189655   0.6186551
  1451 | 4F8D33   5213491   0.6214966
  1452 | 4FEA8C   5237388   0.6243453
  1453 | 504821   5261345   0.6272012
  1454 | 50A5F1   5285361   0.6300641
  1455 | 5103FB   5309435   0.6329340
  1456 | 51623E   5333566   0.6358106
  1457 | 51C0BA   5357754   0.6386940
  1458 | 521F6D   5381997   0.6415840
  1459 | 527E58   5406296   0.6444807
  1460 | 52DD78   5430648   0.6473837
  1461 | 533CCE   5455054   0.6502931
  1462 | 539C57   5479511   0.6532086
  1463 | 53FC14   5504020   0.6561303
  1464 | 545C03   5528579   0.6590580
  1465 | 54BC23   5553187   0.6619915
  1466 | 551C73   5577843   0.6649307
  1467 | 557CF3   5602547   0.6678756
  1468 | 55DDA0   5627296   0.6708260
  1469 | 563E7A   5652090   0.6737816
  1470 | 569F80   5676928   0.6767426
  1471 | 5700B1   5701809   0.6797086
  1472 | 57620B   5726731   0.6826795
  1473 | 57C38E   5751694   0.6856554
  1474 | 582537   5776695   0.6886357
  1475 | 588706   5801734   0.6916206
  1476 | 58E8FA   5826810   0.6946099
  1477 | 594B10   5851920   0.6976032
  1478 | 59AD49   5877065   0.7006007
  1479 | 5A0FA2   5902242   0.7036021
  1480 | 5A721A   5927450   0.7066071
  1481 | 5AD4AF   5952687   0.7096156
  1482 | 5B3761   5977953   0.7126275
  1483 | 5B9A2D   6003245   0.7156426
  1484 | 5BFD12   6028562   0.7186606
  1485 | 5C600F   6053903   0.7216815
  1486 | 5CC322   6079266   0.7247050
  1487 | 5D2649   6104649   0.7277309
  1488 | 5D8982   6130050   0.7307589
  1489 | 5DECCC   6155468   0.7337890
  1490 | 5E5026   6180902   0.7368209
  1491 | 5EB38D   6206349   0.7398545
  1492 | 5F16FF   6231807   0.7428893
  1493 | 5F7A7B   6257275   0.7459253
  1494 | 5FDE00   6282752   0.7489624
  1495 | 60418A   6308234   0.7520001
  1496 | 60A518   6333720   0.7550383
  1497 | 6108A8   6359208   0.7580767
  1498 | 616C38   6384696   0.7611151
  1499 | 61CFC6   6410182   0.7641532
  1500 | 623350   6435664   0.7671909
  1501 | 6296D3   6461139   0.7702278
  1502 | 62FA4E   6486606   0.7732637
  1503 | 635DBE   6512062   0.7762983
  1504 | 63C121   6537505   0.7793313
  1505 | 642475   6562933   0.7823626
  1506 | 6487B7   6588343   0.7853917
  1507 | 64EAE5   6613733   0.7884184
  1508 | 654DFC   6639100   0.7914424
  1509 | 65B0FB   6664443   0.7944635
  1510 | 6613DE   6689758   0.7974813
  1511 | 6676A2   6715042   0.8004954
  1512 | 66D946   6740294   0.8035057
  1513 | 673BC7   6765511   0.8065118
  1514 | 679E21   6790689   0.8095132
  1515 | 680052   6815826   0.8125098
  1516 | 686257   6840919   0.8155011
  1517 | 68C42E   6865966   0.8184869
  1518 | 6925D3   6890963   0.8214668
  1519 | 698744   6915908   0.8244405
  1520 | 69E87D   6940797   0.8274075
  1521 | 6A497B   6965627   0.8303674
  1522 | 6AAA3C   6990396   0.8333201
  1523 | 6B0ABB   7015099   0.8362650
  1524 | 6B6AF7   7039735   0.8392018
  1525 | 6BCAEB   7064299   0.8421301
  1526 | 6C2A94   7088788   0.8450494
  1527 | 6C89EF   7113199   0.8479594
  1528 | 6CE8F8   7137528   0.8508596
  1529 | 6D47AC   7161772   0.8537498
  1530 | 6DA607   7185927   0.8566293
  1531 | 6E0405   7209989   0.8594977
  1532 | 6E61A4   7233956   0.8623548
  1533 | 6EBEDE   7257822   0.8651998
  1534 | 6F1BB1   7281585   0.8680326
  1535 | 6F7818   7305240   0.8708525
  1536 | 6FD410   7328784   0.8736591
  1537 | 702F95   7352213   0.8764521
  1538 | 708AA1   7375521   0.8792306
  1539 | 70E532   7398706   0.8819945
  1540 | 713F43   7421763   0.8847431
  1541 | 7198D0   7444688   0.8874760
  1542 | 71F1D5   7467477   0.8901926
  1543 | 724A4C   7490124   0.8928924
  1544 | 72A233   7512627   0.8955749
  1545 | 72F983   7534979   0.8982395
  1546 | 735039   7557177   0.9008857
  1547 | 73A650   7579216   0.9035130
  1548 | 73FBC3   7601091   0.9061207
  1549 | 74508D   7622797   0.9087082
  1550 | 74A4AA   7644330   0.9112751
  1551 | 74F814   7665684   0.9138207
  1552 | 754AC7   7686855   0.9163445
  1553 | 759CBD   7707837   0.9188458
  1554 | 75EDF2   7728626   0.9213240
  1555 | 763E5F   7749215   0.9237784
  1556 | 768E01   7769601   0.9262086
  1557 | 76DCD0   7789776   0.9286137
  1558 | 772AC9   7809737   0.9309932
  1559 | 7777E4   7829476   0.9333463
  1560 | 77C41D   7848989   0.9356724
  1561 | 780F6F   7868271   0.9379710
  1562 | 7859D2   7887314   0.9402411
  1563 | 78A342   7906114   0.9424822
  1564 | 78EBB8   7924664   0.9446936
  1565 | 79332F   7942959   0.9468745
  1566 | 79799F   7960991   0.9490241
  1567 | 79BF04   7978756   0.9511418
  1568 | 7A0357   7996247   0.9532269
  1569 | 7A4691   8013457   0.9552785
  1570 | 7A88AC   8030380   0.9572959
  1571 | 7AC9A2   8047010   0.9592783
  1572 | 7B096C   8063340   0.9612250
  1573 | 7B4803   8079363   0.9631351
  1574 | 7B8560   8095072   0.9650078
  1575 | 7BC17D   8110461   0.9668423
  1576 | 7BFC53   8125523   0.9686378
  1577 | 7C35DA   8140250   0.9703934
  1578 | 7C6E0C   8154636   0.9721084
  1579 | 7CA4E1   8168673   0.9737817
  1580 | 7CDA53   8182355   0.9754127
  1581 | 7D0E59   8195673   0.9770004
  1582 | 7D40ED   8208621   0.9785439
  1583 | 7D7206   8221190   0.9800422
  1584 | 7DA19D   8233373   0.9814945
  1585 | 7DCFAB   8245163   0.9829000
  1586 | 7DFC27   8256551   0.9842576
  1587 | 7E2709   8267529   0.9855663
  1588 | 7E504B   8278091   0.9868253
  1589 | 7E77E3   8288227   0.9880337
  1590 | 7E9DCA   8297930   0.9891903
  1591 | 7EC1F6   8307190   0.9902942
  1592 | 7EE461   8316001   0.9913446
  1593 | 7F0501   8324353   0.9923402
  1594 | 7F23CE   8332238   0.9932802
  1595 | 7F40BF   8339647   0.9941634
  1596 | 7F5BCB   8346571   0.9949888
  1597 | 7F74EB   8353003   0.9957556
  1598 | 7F8C14   8358932   0.9964623
  1599 | 7FA13F   8364351   0.9971083
