# P:$143F95  filter_div_table_1  (1201 words)
# FILTER: div table 1, indexed by BASE cutoff x $4AF>>24 (0..1199); used at P:$057D kernel
#  idx | hex     signed24   fraction(24-bit)
     0 | 0025AD      9645   0.0011498
     1 | 0025E2      9698   0.0011561
     2 | 002616      9750   0.0011623
     3 | 00264B      9803   0.0011686
     4 | 002680      9856   0.0011749
     5 | 0026B6      9910   0.0011814
     6 | 0026EC      9964   0.0011878
     7 | 002722     10018   0.0011942
     8 | 002758     10072   0.0012007
     9 | 00278F     10127   0.0012072
    10 | 0027C6     10182   0.0012138
    11 | 0027FD     10237   0.0012203
    12 | 002835     10293   0.0012270
    13 | 00286D     10349   0.0012337
    14 | 0028A5     10405   0.0012404
    15 | 0028DD     10461   0.0012470
    16 | 002916     10518   0.0012538
    17 | 00294F     10575   0.0012606
    18 | 002989     10633   0.0012676
    19 | 0029C3     10691   0.0012745
    20 | 0029FD     10749   0.0012814
    21 | 002A37     10807   0.0012883
    22 | 002A72     10866   0.0012953
    23 | 002AAD     10925   0.0013024
    24 | 002AE8     10984   0.0013094
    25 | 002B24     11044   0.0013165
    26 | 002B60     11104   0.0013237
    27 | 002B9C     11164   0.0013309
    28 | 002BD8     11224   0.0013380
    29 | 002C15     11285   0.0013453
    30 | 002C53     11347   0.0013527
    31 | 002C90     11408   0.0013599
    32 | 002CCE     11470   0.0013673
    33 | 002D0D     11533   0.0013748
    34 | 002D4B     11595   0.0013822
    35 | 002D8A     11658   0.0013897
    36 | 002DC9     11721   0.0013973
    37 | 002E09     11785   0.0014049
    38 | 002E49     11849   0.0014125
    39 | 002E89     11913   0.0014201
    40 | 002ECA     11978   0.0014279
    41 | 002F0B     12043   0.0014356
    42 | 002F4D     12109   0.0014435
    43 | 002F8E     12174   0.0014513
    44 | 002FD0     12240   0.0014591
    45 | 003013     12307   0.0014671
    46 | 003056     12374   0.0014751
    47 | 003099     12441   0.0014831
    48 | 0030DC     12508   0.0014911
    49 | 003120     12576   0.0014992
    50 | 003165     12645   0.0015074
    51 | 0031A9     12713   0.0015155
    52 | 0031EE     12782   0.0015237
    53 | 003234     12852   0.0015321
    54 | 003279     12921   0.0015403
    55 | 0032C0     12992   0.0015488
    56 | 003306     13062   0.0015571
    57 | 00334D     13133   0.0015656
    58 | 003394     13204   0.0015740
    59 | 0033DC     13276   0.0015826
    60 | 003424     13348   0.0015912
    61 | 00346D     13421   0.0015999
    62 | 0034B6     13494   0.0016086
    63 | 0034FF     13567   0.0016173
    64 | 003548     13640   0.0016260
    65 | 003593     13715   0.0016350
    66 | 0035DD     13789   0.0016438
    67 | 003628     13864   0.0016527
    68 | 003673     13939   0.0016617
    69 | 0036BF     14015   0.0016707
    70 | 00370B     14091   0.0016798
    71 | 003757     14167   0.0016888
    72 | 0037A4     14244   0.0016980
    73 | 0037F2     14322   0.0017073
    74 | 003840     14400   0.0017166
    75 | 00388E     14478   0.0017259
    76 | 0038DC     14556   0.0017352
    77 | 00392B     14635   0.0017446
    78 | 00397B     14715   0.0017542
    79 | 0039CB     14795   0.0017637
    80 | 003A1B     14875   0.0017732
    81 | 003A6C     14956   0.0017829
    82 | 003ABD     15037   0.0017926
    83 | 003B0F     15119   0.0018023
    84 | 003B61     15201   0.0018121
    85 | 003BB3     15283   0.0018219
    86 | 003C06     15366   0.0018318
    87 | 003C5A     15450   0.0018418
    88 | 003CAE     15534   0.0018518
    89 | 003D02     15618   0.0018618
    90 | 003D57     15703   0.0018719
    91 | 003DAC     15788   0.0018821
    92 | 003E02     15874   0.0018923
    93 | 003E58     15960   0.0019026
    94 | 003EAF     16047   0.0019130
    95 | 003F06     16134   0.0019233
    96 | 003F5D     16221   0.0019337
    97 | 003FB5     16309   0.0019442
    98 | 00400E     16398   0.0019548
    99 | 004067     16487   0.0019654
   100 | 0040C1     16577   0.0019761
   101 | 00411B     16667   0.0019869
   102 | 004175     16757   0.0019976
   103 | 0041D0     16848   0.0020084
   104 | 00422C     16940   0.0020194
   105 | 004288     17032   0.0020304
   106 | 0042E4     17124   0.0020413
   107 | 004341     17217   0.0020524
   108 | 00439E     17310   0.0020635
   109 | 0043FC     17404   0.0020747
   110 | 00445B     17499   0.0020860
   111 | 0044BA     17594   0.0020974
   112 | 00451A     17690   0.0021088
   113 | 00457A     17786   0.0021203
   114 | 0045DA     17882   0.0021317
   115 | 00463B     17979   0.0021433
   116 | 00469D     18077   0.0021549
   117 | 0046FF     18175   0.0021666
   118 | 004762     18274   0.0021784
   119 | 0047C5     18373   0.0021902
   120 | 004829     18473   0.0022022
   121 | 00488D     18573   0.0022141
   122 | 0048F2     18674   0.0022261
   123 | 004957     18775   0.0022382
   124 | 0049BD     18877   0.0022503
   125 | 004A24     18980   0.0022626
   126 | 004A8B     19083   0.0022749
   127 | 004AF2     19186   0.0022871
   128 | 004B5B     19291   0.0022997
   129 | 004BC3     19395   0.0023121
   130 | 004C2D     19501   0.0023247
   131 | 004C97     19607   0.0023373
   132 | 004D01     19713   0.0023500
   133 | 004D6C     19820   0.0023627
   134 | 004DD8     19928   0.0023756
   135 | 004E44     20036   0.0023885
   136 | 004EB1     20145   0.0024015
   137 | 004F1E     20254   0.0024145
   138 | 004F8C     20364   0.0024276
   139 | 004FFB     20475   0.0024408
   140 | 00506A     20586   0.0024540
   141 | 0050DA     20698   0.0024674
   142 | 00514A     20810   0.0024807
   143 | 0051BB     20923   0.0024942
   144 | 00522D     21037   0.0025078
   145 | 00529F     21151   0.0025214
   146 | 005312     21266   0.0025351
   147 | 005385     21381   0.0025488
   148 | 0053F9     21497   0.0025626
   149 | 00546E     21614   0.0025766
   150 | 0054E3     21731   0.0025905
   151 | 005559     21849   0.0026046
   152 | 0055D0     21968   0.0026188
   153 | 005647     22087   0.0026330
   154 | 0056BF     22207   0.0026473
   155 | 005738     22328   0.0026617
   156 | 0057B1     22449   0.0026761
   157 | 00582B     22571   0.0026907
   158 | 0058A5     22693   0.0027052
   159 | 005921     22817   0.0027200
   160 | 00599D     22941   0.0027348
   161 | 005A19     23065   0.0027496
   162 | 005A96     23190   0.0027645
   163 | 005B14     23316   0.0027795
   164 | 005B93     23443   0.0027946
   165 | 005C12     23570   0.0028098
   166 | 005C92     23698   0.0028250
   167 | 005D13     23827   0.0028404
   168 | 005D94     23956   0.0028558
   169 | 005E16     24086   0.0028713
   170 | 005E99     24217   0.0028869
   171 | 005F1D     24349   0.0029026
   172 | 005FA1     24481   0.0029184
   173 | 006026     24614   0.0029342
   174 | 0060AB     24747   0.0029501
   175 | 006132     24882   0.0029662
   176 | 0061B9     25017   0.0029823
   177 | 006241     25153   0.0029985
   178 | 0062C9     25289   0.0030147
   179 | 006353     25427   0.0030311
   180 | 0063DD     25565   0.0030476
   181 | 006467     25703   0.0030640
   182 | 0064F3     25843   0.0030807
   183 | 00657F     25983   0.0030974
   184 | 00660C     26124   0.0031142
   185 | 00669A     26266   0.0031312
   186 | 006729     26409   0.0031482
   187 | 0067B8     26552   0.0031652
   188 | 006848     26696   0.0031824
   189 | 0068D9     26841   0.0031997
   190 | 00696B     26987   0.0032171
   191 | 0069FE     27134   0.0032346
   192 | 006A91     27281   0.0032521
   193 | 006B25     27429   0.0032698
   194 | 006BBA     27578   0.0032876
   195 | 006C50     27728   0.0033054
   196 | 006CE6     27878   0.0033233
   197 | 006D7E     28030   0.0033414
   198 | 006E16     28182   0.0033596
   199 | 006EAF     28335   0.0033778
   200 | 006F49     28489   0.0033962
   201 | 006FE4     28644   0.0034146
   202 | 00707F     28799   0.0034331
   203 | 00711C     28956   0.0034518
   204 | 0071B9     29113   0.0034705
   205 | 007257     29271   0.0034894
   206 | 0072F6     29430   0.0035083
   207 | 007396     29590   0.0035274
   208 | 007436     29750   0.0035465
   209 | 0074D8     29912   0.0035658
   210 | 00757A     30074   0.0035851
   211 | 00761D     30237   0.0036045
   212 | 0076C2     30402   0.0036242
   213 | 007767     30567   0.0036439
   214 | 00780D     30733   0.0036637
   215 | 0078B4     30900   0.0036836
   216 | 00795B     31067   0.0037035
   217 | 007A04     31236   0.0037236
   218 | 007AAE     31406   0.0037439
   219 | 007B58     31576   0.0037642
   220 | 007C04     31748   0.0037847
   221 | 007CB0     31920   0.0038052
   222 | 007D5D     32093   0.0038258
   223 | 007E0C     32268   0.0038466
   224 | 007EBB     32443   0.0038675
   225 | 007F6B     32619   0.0038885
   226 | 00801C     32796   0.0039096
   227 | 0080CE     32974   0.0039308
   228 | 008181     33153   0.0039521
   229 | 008235     33333   0.0039736
   230 | 0082EA     33514   0.0039952
   231 | 0083A0     33696   0.0040169
   232 | 008457     33879   0.0040387
   233 | 00850F     34063   0.0040606
   234 | 0085C8     34248   0.0040827
   235 | 008682     34434   0.0041049
   236 | 00873D     34621   0.0041271
   237 | 0087F9     34809   0.0041496
   238 | 0088B6     34998   0.0041721
   239 | 008974     35188   0.0041947
   240 | 008A33     35379   0.0042175
   241 | 008AF3     35571   0.0042404
   242 | 008BB5     35765   0.0042635
   243 | 008C77     35959   0.0042866
   244 | 008D3A     36154   0.0043099
   245 | 008DFE     36350   0.0043333
   246 | 008EC4     36548   0.0043569
   247 | 008F8A     36746   0.0043805
   248 | 009052     36946   0.0044043
   249 | 00911A     37146   0.0044281
   250 | 0091E4     37348   0.0044522
   251 | 0092AF     37551   0.0044764
   252 | 00937B     37755   0.0045007
   253 | 009448     37960   0.0045252
   254 | 009516     38166   0.0045497
   255 | 0095E5     38373   0.0045744
   256 | 0096B5     38581   0.0045992
   257 | 009787     38791   0.0046242
   258 | 00985A     39002   0.0046494
   259 | 00992D     39213   0.0046746
   260 | 009A02     39426   0.0046999
   261 | 009AD8     39640   0.0047255
   262 | 009BB0     39856   0.0047512
   263 | 009C88     40072   0.0047770
   264 | 009D62     40290   0.0048029
   265 | 009E3C     40508   0.0048289
   266 | 009F18     40728   0.0048552
   267 | 009FF5     40949   0.0048815
   268 | 00A0D4     41172   0.0049081
   269 | 00A1B3     41395   0.0049347
   270 | 00A294     41620   0.0049615
   271 | 00A376     41846   0.0049884
   272 | 00A459     42073   0.0050155
   273 | 00A53E     42302   0.0050428
   274 | 00A624     42532   0.0050702
   275 | 00A70A     42762   0.0050976
   276 | 00A7F3     42995   0.0051254
   277 | 00A8DC     43228   0.0051532
   278 | 00A9C7     43463   0.0051812
   279 | 00AAB3     43699   0.0052093
   280 | 00ABA0     43936   0.0052376
   281 | 00AC8F     44175   0.0052661
   282 | 00AD7F     44415   0.0052947
   283 | 00AE70     44656   0.0053234
   284 | 00AF62     44898   0.0053523
   285 | 00B056     45142   0.0053813
   286 | 00B14B     45387   0.0054106
   287 | 00B242     45634   0.0054400
   288 | 00B339     45881   0.0054694
   289 | 00B433     46131   0.0054992
   290 | 00B52D     46381   0.0055290
   291 | 00B629     46633   0.0055591
   292 | 00B726     46886   0.0055892
   293 | 00B825     47141   0.0056196
   294 | 00B925     47397   0.0056502
   295 | 00BA26     47654   0.0056808
   296 | 00BB29     47913   0.0057117
   297 | 00BC2D     48173   0.0057427
   298 | 00BD33     48435   0.0057739
   299 | 00BE3A     48698   0.0058053
   300 | 00BF42     48962   0.0058367
   301 | 00C04C     49228   0.0058684
   302 | 00C157     49495   0.0059003
   303 | 00C264     49764   0.0059323
   304 | 00C372     50034   0.0059645
   305 | 00C482     50306   0.0059969
   306 | 00C593     50579   0.0060295
   307 | 00C6A6     50854   0.0060623
   308 | 00C7BA     51130   0.0060952
   309 | 00C8CF     51407   0.0061282
   310 | 00C9E7     51687   0.0061616
   311 | 00CAFF     51967   0.0061949
   312 | 00CC19     52249   0.0062286
   313 | 00CD35     52533   0.0062624
   314 | 00CE52     52818   0.0062964
   315 | 00CF71     53105   0.0063306
   316 | 00D092     53394   0.0063651
   317 | 00D1B3     53683   0.0063995
   318 | 00D2D7     53975   0.0064343
   319 | 00D3FC     54268   0.0064692
   320 | 00D523     54563   0.0065044
   321 | 00D64B     54859   0.0065397
   322 | 00D775     55157   0.0065752
   323 | 00D8A0     55456   0.0066109
   324 | 00D9CE     55758   0.0066469
   325 | 00DAFC     56060   0.0066829
   326 | 00DC2D     56365   0.0067192
   327 | 00DD5F     56671   0.0067557
   328 | 00DE92     56978   0.0067923
   329 | 00DFC8     57288   0.0068293
   330 | 00E0FF     57599   0.0068663
   331 | 00E238     57912   0.0069036
   332 | 00E372     58226   0.0069411
   333 | 00E4AE     58542   0.0069788
   334 | 00E5EC     58860   0.0070167
   335 | 00E72C     59180   0.0070548
   336 | 00E86D     59501   0.0070931
   337 | 00E9B0     59824   0.0071316
   338 | 00EAF5     60149   0.0071703
   339 | 00EC3C     60476   0.0072093
   340 | 00ED84     60804   0.0072484
   341 | 00EECE     61134   0.0072877
   342 | 00F01A     61466   0.0073273
   343 | 00F168     61800   0.0073671
   344 | 00F2B8     62136   0.0074072
   345 | 00F409     62473   0.0074474
   346 | 00F55C     62812   0.0074878
   347 | 00F6B1     63153   0.0075284
   348 | 00F808     63496   0.0075693
   349 | 00F961     63841   0.0076104
   350 | 00FABC     64188   0.0076518
   351 | 00FC18     64536   0.0076933
   352 | 00FD77     64887   0.0077351
   353 | 00FED7     65239   0.0077771
   354 | 010039     65593   0.0078193
   355 | 01019E     65950   0.0078619
   356 | 010304     66308   0.0079045
   357 | 01046C     66668   0.0079474
   358 | 0105D6     67030   0.0079906
   359 | 010742     67394   0.0080340
   360 | 0108B0     67760   0.0080776
   361 | 010A20     68128   0.0081215
   362 | 010B92     68498   0.0081656
   363 | 010D05     68869   0.0082098
   364 | 010E7B     69243   0.0082544
   365 | 010FF3     69619   0.0082992
   366 | 01116E     69998   0.0083444
   367 | 0112EA     70378   0.0083897
   368 | 011468     70760   0.0084352
   369 | 0115E8     71144   0.0084810
   370 | 01176A     71530   0.0085270
   371 | 0118EF     71919   0.0085734
   372 | 011A75     72309   0.0086199
   373 | 011BFE     72702   0.0086668
   374 | 011D89     73097   0.0087138
   375 | 011F16     73494   0.0087612
   376 | 0120A5     73893   0.0088087
   377 | 012236     74294   0.0088565
   378 | 0123C9     74697   0.0089046
   379 | 01255F     75103   0.0089530
   380 | 0126F7     75511   0.0090016
   381 | 012891     75921   0.0090505
   382 | 012A2D     76333   0.0090996
   383 | 012BCC     76748   0.0091491
   384 | 012D6C     77164   0.0091987
   385 | 012F0F     77583   0.0092486
   386 | 0130B5     78005   0.0092989
   387 | 01325C     78428   0.0093493
   388 | 013406     78854   0.0094001
   389 | 0135B2     79282   0.0094512
   390 | 013761     79713   0.0095025
   391 | 013912     80146   0.0095541
   392 | 013AC5     80581   0.0096060
   393 | 013C7B     81019   0.0096582
   394 | 013E33     81459   0.0097107
   395 | 013FED     81901   0.0097634
   396 | 0141AA     82346   0.0098164
   397 | 014369     82793   0.0098697
   398 | 01452A     83242   0.0099232
   399 | 0146EE     83694   0.0099771
   400 | 0148B5     84149   0.0100313
   401 | 014A7E     84606   0.0100858
   402 | 014C49     85065   0.0101405
   403 | 014E17     85527   0.0101956
   404 | 014FE8     85992   0.0102510
   405 | 0151BB     86459   0.0103067
   406 | 015390     86928   0.0103626
   407 | 015568     87400   0.0104189
   408 | 015743     87875   0.0104755
   409 | 015920     88352   0.0105324
   410 | 015B00     88832   0.0105896
   411 | 015CE2     89314   0.0106471
   412 | 015EC7     89799   0.0107049
   413 | 0160AF     90287   0.0107630
   414 | 016299     90777   0.0108215
   415 | 016486     91270   0.0108802
   416 | 016676     91766   0.0109394
   417 | 016868     92264   0.0109987
   418 | 016A5D     92765   0.0110584
   419 | 016C55     93269   0.0111185
   420 | 016E4F     93775   0.0111789
   421 | 01704C     94284   0.0112395
   422 | 01724C     94796   0.0113006
   423 | 01744F     95311   0.0113620
   424 | 017655     95829   0.0114237
   425 | 01785D     96349   0.0114857
   426 | 017A68     96872   0.0115480
   427 | 017C76     97398   0.0116107
   428 | 017E87     97927   0.0116738
   429 | 01809B     98459   0.0117372
   430 | 0182B2     98994   0.0118010
   431 | 0184CB     99531   0.0118650
   432 | 0186E8    100072   0.0119295
   433 | 018907    100615   0.0119942
   434 | 018B2A    101162   0.0120595
   435 | 018D4F    101711   0.0121249
   436 | 018F77    102263   0.0121907
   437 | 0191A3    102819   0.0122570
   438 | 0193D1    103377   0.0123235
   439 | 019602    103938   0.0123904
   440 | 019837    104503   0.0124577
   441 | 019A6E    105070   0.0125253
   442 | 019CA9    105641   0.0125934
   443 | 019EE7    106215   0.0126618
   444 | 01A127    106791   0.0127305
   445 | 01A36B    107371   0.0127996
   446 | 01A5B2    107954   0.0128691
   447 | 01A7FD    108541   0.0129391
   448 | 01AA4A    109130   0.0130093
   449 | 01AC9B    109723   0.0130800
   450 | 01AEEF    110319   0.0131510
   451 | 01B146    110918   0.0132225
   452 | 01B3A0    111520   0.0132942
   453 | 01B5FE    112126   0.0133665
   454 | 01B85E    112734   0.0134389
   455 | 01BAC3    113347   0.0135120
   456 | 01BD2A    113962   0.0135853
   457 | 01BF95    114581   0.0136591
   458 | 01C203    115203   0.0137333
   459 | 01C475    115829   0.0138079
   460 | 01C6EA    116458   0.0138829
   461 | 01C962    117090   0.0139582
   462 | 01CBDE    117726   0.0140340
   463 | 01CE5E    118366   0.0141103
   464 | 01D0E0    119008   0.0141869
   465 | 01D367    119655   0.0142640
   466 | 01D5F1    120305   0.0143415
   467 | 01D87E    120958   0.0144193
   468 | 01DB0F    121615   0.0144976
   469 | 01DDA3    122275   0.0145763
   470 | 01E03B    122939   0.0146555
   471 | 01E2D7    123607   0.0147351
   472 | 01E576    124278   0.0148151
   473 | 01E819    124953   0.0148956
   474 | 01EAC0    125632   0.0149765
   475 | 01ED6A    126314   0.0150578
   476 | 01F018    127000   0.0151396
   477 | 01F2CA    127690   0.0152218
   478 | 01F57F    128383   0.0153044
   479 | 01F838    129080   0.0153875
   480 | 01FAF5    129781   0.0154711
   481 | 01FDB6    130486   0.0155551
   482 | 02007B    131195   0.0156397
   483 | 020343    131907   0.0157245
   484 | 020610    132624   0.0158100
   485 | 0208E0    133344   0.0158958
   486 | 020BB4    134068   0.0159822
   487 | 020E8C    134796   0.0160689
   488 | 021168    135528   0.0161562
   489 | 021448    136264   0.0162439
   490 | 02172C    137004   0.0163321
   491 | 021A14    137748   0.0164208
   492 | 021D00    138496   0.0165100
   493 | 021FF1    139249   0.0165998
   494 | 0222E5    140005   0.0166899
   495 | 0225DD    140765   0.0167805
   496 | 0228DA    141530   0.0168717
   497 | 022BDA    142298   0.0169632
   498 | 022EDF    143071   0.0170554
   499 | 0231E8    143848   0.0171480
   500 | 0234F5    144629   0.0172411
   501 | 023807    145415   0.0173348
   502 | 023B1D    146205   0.0174290
   503 | 023E37    146999   0.0175236
   504 | 024155    147797   0.0176188
   505 | 024478    148600   0.0177145
   506 | 02479F    149407   0.0178107
   507 | 024ACA    150218   0.0179074
   508 | 024DFA    151034   0.0180047
   509 | 02512E    151854   0.0181024
   510 | 025467    152679   0.0182008
   511 | 0257A4    153508   0.0182996
   512 | 025AE6    154342   0.0183990
   513 | 025E2C    155180   0.0184989
   514 | 026177    156023   0.0185994
   515 | 0264C6    156870   0.0187004
   516 | 02681A    157722   0.0188019
   517 | 026B73    158579   0.0189041
   518 | 026ED0    159440   0.0190067
   519 | 027232    160306   0.0191100
   520 | 027599    161177   0.0192138
   521 | 027904    162052   0.0193181
   522 | 027C74    162932   0.0194230
   523 | 027FE9    163817   0.0195285
   524 | 028363    164707   0.0196346
   525 | 0286E2    165602   0.0197413
   526 | 028A65    166501   0.0198485
   527 | 028DED    167405   0.0199562
   528 | 02917B    168315   0.0200647
   529 | 02950D    169229   0.0201737
   530 | 0298A4    170148   0.0202832
   531 | 029C40    171072   0.0203934
   532 | 029FE1    172001   0.0205041
   533 | 02A387    172935   0.0206155
   534 | 02A733    173875   0.0207275
   535 | 02AAE3    174819   0.0208400
   536 | 02AE99    175769   0.0209533
   537 | 02B253    176723   0.0210670
   538 | 02B613    177683   0.0211815
   539 | 02B9D8    178648   0.0212965
   540 | 02BDA3    179619   0.0214123
   541 | 02C172    180594   0.0215285
   542 | 02C547    181575   0.0216454
   543 | 02C921    182561   0.0217630
   544 | 02CD01    183553   0.0218812
   545 | 02D0E6    184550   0.0220001
   546 | 02D4D0    185552   0.0221195
   547 | 02D8C0    186560   0.0222397
   548 | 02DCB6    187574   0.0223606
   549 | 02E0B1    188593   0.0224820
   550 | 02E4B1    189617   0.0226041
   551 | 02E8B7    190647   0.0227269
   552 | 02ECC2    191682   0.0228503
   553 | 02F0D4    192724   0.0229745
   554 | 02F4EA    193770   0.0230992
   555 | 02F907    194823   0.0232247
   556 | 02FD29    195881   0.0233508
   557 | 030151    196945   0.0234777
   558 | 03057F    198015   0.0236052
   559 | 0309B3    199091   0.0237335
   560 | 030DEC    200172   0.0238624
   561 | 03122B    201259   0.0239919
   562 | 031671    202353   0.0241224
   563 | 031ABC    203452   0.0242534
   564 | 031F0D    204557   0.0243851
   565 | 032364    205668   0.0245175
   566 | 0327C1    206785   0.0246507
   567 | 032C25    207909   0.0247847
   568 | 03308E    209038   0.0249193
   569 | 0334FE    210174   0.0250547
   570 | 033973    211315   0.0251907
   571 | 033DEF    212463   0.0253276
   572 | 034271    213617   0.0254651
   573 | 0346FA    214778   0.0256035
   574 | 034B88    215944   0.0257425
   575 | 03501E    217118   0.0258825
   576 | 0354B9    218297   0.0260230
   577 | 03595B    219483   0.0261644
   578 | 035E03    220675   0.0263065
   579 | 0362B2    221874   0.0264494
   580 | 036767    223079   0.0265931
   581 | 036C23    224291   0.0267376
   582 | 0370E6    225510   0.0268829
   583 | 0375AF    226735   0.0270289
   584 | 037A7F    227967   0.0271758
   585 | 037F55    229205   0.0273234
   586 | 038432    230450   0.0274718
   587 | 038916    231702   0.0276210
   588 | 038E01    232961   0.0277711
   589 | 0392F2    234226   0.0279219
   590 | 0397EB    235499   0.0280737
   591 | 039CEA    236778   0.0282261
   592 | 03A1F1    238065   0.0283796
   593 | 03A6FE    239358   0.0285337
   594 | 03AC13    240659   0.0286888
   595 | 03B12E    241966   0.0288446
   596 | 03B651    243281   0.0290014
   597 | 03BB7A    244602   0.0291588
   598 | 03C0AB    245931   0.0293173
   599 | 03C5E3    247267   0.0294765
   600 | 03CB23    248611   0.0296367
   601 | 03D06A    249962   0.0297978
   602 | 03D5B8    251320   0.0299597
   603 | 03DB0D    252685   0.0301224
   604 | 03E06A    254058   0.0302861
   605 | 03E5CE    255438   0.0304506
   606 | 03EB3A    256826   0.0306160
   607 | 03F0AE    258222   0.0307825
   608 | 03F629    259625   0.0309497
   609 | 03FBAB    261035   0.0311178
   610 | 040136    262454   0.0312870
   611 | 0406C8    263880   0.0314569
   612 | 040C61    265313   0.0316278
   613 | 041203    266755   0.0317997
   614 | 0417AC    268204   0.0319724
   615 | 041D5E    269662   0.0321462
   616 | 042317    271127   0.0323209
   617 | 0428D8    272600   0.0324965
   618 | 042EA2    274082   0.0326731
   619 | 043473    275571   0.0328506
   620 | 043A4C    277068   0.0330291
   621 | 04402E    278574   0.0332086
   622 | 044618    280088   0.0333891
   623 | 044C0A    281610   0.0335705
   624 | 045204    283140   0.0337529
   625 | 045806    284678   0.0339363
   626 | 045E11    286225   0.0341207
   627 | 046425    287781   0.0343062
   628 | 046A41    289345   0.0344926
   629 | 047065    290917   0.0346800
   630 | 047692    292498   0.0348685
   631 | 047CC7    294087   0.0350579
   632 | 048306    295686   0.0352485
   633 | 04894D    297293   0.0354401
   634 | 048F9C    298908   0.0356326
   635 | 0495F5    300533   0.0358263
   636 | 049C56    302166   0.0360210
   637 | 04A2C0    303808   0.0362167
   638 | 04A933    305459   0.0364136
   639 | 04AFAF    307119   0.0366114
   640 | 04B634    308788   0.0368104
   641 | 04BCC3    310467   0.0370106
   642 | 04C35A    312154   0.0372117
   643 | 04C9FA    313850   0.0374138
   644 | 04D0A4    315556   0.0376172
   645 | 04D757    317271   0.0378217
   646 | 04DE14    318996   0.0380273
   647 | 04E4D9    320729   0.0382339
   648 | 04EBA9    322473   0.0384418
   649 | 04F281    324225   0.0386506
   650 | 04F964    325988   0.0388608
   651 | 050050    327760   0.0390720
   652 | 050745    329541   0.0392843
   653 | 050E44    331332   0.0394979
   654 | 05154D    333133   0.0397125
   655 | 051C60    334944   0.0399284
   656 | 05237D    336765   0.0401455
   657 | 052AA3    338595   0.0403637
   658 | 0531D4    340436   0.0405831
   659 | 05390F    342287   0.0408038
   660 | 054053    344147   0.0410255
   661 | 0547A2    346018   0.0412486
   662 | 054EFB    347899   0.0414728
   663 | 05565E    349790   0.0416982
   664 | 055DCC    351692   0.0419250
   665 | 056544    353604   0.0421529
   666 | 056CC6    355526   0.0423820
   667 | 057453    357459   0.0426124
   668 | 057BEA    359402   0.0428441
   669 | 05838C    361356   0.0430770
   670 | 058B39    363321   0.0433112
   671 | 0592F0    365296   0.0435467
   672 | 059AB2    367282   0.0437834
   673 | 05A27F    369279   0.0440215
   674 | 05AA57    371287   0.0442609
   675 | 05B239    373305   0.0445014
   676 | 05BA27    375335   0.0447434
   677 | 05C220    377376   0.0449867
   678 | 05CA24    379428   0.0452313
   679 | 05D233    381491   0.0454773
   680 | 05DA4D    383565   0.0457245
   681 | 05E273    385651   0.0459732
   682 | 05EAA4    387748   0.0462232
   683 | 05F2E0    389856   0.0464745
   684 | 05FB28    391976   0.0467272
   685 | 06037C    394108   0.0469813
   686 | 060BDB    396251   0.0472368
   687 | 061446    398406   0.0474937
   688 | 061CBC    400572   0.0477519
   689 | 06253F    402751   0.0480117
   690 | 062DCD    404941   0.0482727
   691 | 063667    407143   0.0485352
   692 | 063F0D    409357   0.0487992
   693 | 0647C0    411584   0.0490646
   694 | 06507E    413822   0.0493314
   695 | 065949    416073   0.0495998
   696 | 066220    418336   0.0498695
   697 | 066B03    420611   0.0501407
   698 | 0673F3    422899   0.0504135
   699 | 067CEF    425199   0.0506877
   700 | 0685F8    427512   0.0509634
   701 | 068F0D    429837   0.0512406
   702 | 06982F    432175   0.0515193
   703 | 06A15E    434526   0.0517995
   704 | 06AA9A    436890   0.0520813
   705 | 06B3E3    439267   0.0523647
   706 | 06BD38    441656   0.0526495
   707 | 06C69B    444059   0.0529360
   708 | 06D00A    446474   0.0532238
   709 | 06D987    448903   0.0535134
   710 | 06E312    451346   0.0538046
   711 | 06ECA9    453801   0.0540973
   712 | 06F64E    456270   0.0543916
   713 | 070000    458752   0.0546875
   714 | 0709C0    461248   0.0549850
   715 | 07138E    463758   0.0552843
   716 | 071D69    466281   0.0555850
   717 | 072752    468818   0.0558875
   718 | 073149    471369   0.0561916
   719 | 073B4E    473934   0.0564973
   720 | 074561    476513   0.0568048
   721 | 074F82    479106   0.0571139
   722 | 0759B2    481714   0.0574248
   723 | 0763EF    484335   0.0577372
   724 | 076E3B    486971   0.0580515
   725 | 077895    489621   0.0583674
   726 | 0782FE    492286   0.0586851
   727 | 078D75    494965   0.0590044
   728 | 0797FB    497659   0.0593256
   729 | 07A28F    500367   0.0596484
   730 | 07AD33    503091   0.0599731
   731 | 07B7E5    505829   0.0602995
   732 | 07C2A6    508582   0.0606277
   733 | 07CD77    511351   0.0609578
   734 | 07D856    514134   0.0612895
   735 | 07E345    516933   0.0616232
   736 | 07EE43    519747   0.0619587
   737 | 07F951    522577   0.0622960
   738 | 08046E    525422   0.0626352
   739 | 080F9A    528282   0.0629761
   740 | 081AD6    531158   0.0633190
   741 | 082622    534050   0.0636637
   742 | 08317E    536958   0.0640104
   743 | 083CE9    539881   0.0643588
   744 | 084865    542821   0.0647093
   745 | 0853F1    545777   0.0650617
   746 | 085F8D    548749   0.0654160
   747 | 086B39    551737   0.0657722
   748 | 0876F6    554742   0.0661304
   749 | 0882C3    557763   0.0664905
   750 | 088EA0    560800   0.0668526
   751 | 089A8E    563854   0.0672166
   752 | 08A68D    566925   0.0675827
   753 | 08B29D    570013   0.0679508
   754 | 08BEBE    573118   0.0683210
   755 | 08CAF0    576240   0.0686932
   756 | 08D733    579379   0.0690674
   757 | 08E387    582535   0.0694436
   758 | 08EFEC    585708   0.0698218
   759 | 08FC63    588899   0.0702022
   760 | 0908EB    592107   0.0705847
   761 | 091585    595333   0.0709692
   762 | 092230    598576   0.0713558
   763 | 092EEE    601838   0.0717447
   764 | 093BBD    605117   0.0721356
   765 | 09489E    608414   0.0725286
   766 | 095591    611729   0.0729238
   767 | 096297    615063   0.0733212
   768 | 096FAF    618415   0.0737208
   769 | 097CD9    621785   0.0741225
   770 | 098A15    625173   0.0745264
   771 | 099765    628581   0.0749327
   772 | 09A4C7    632007   0.0753411
   773 | 09B23C    635452   0.0757518
   774 | 09BFC3    638915   0.0761646
   775 | 09CD5E    642398   0.0765798
   776 | 09DB0C    645900   0.0769973
   777 | 09E8CD    649421   0.0774170
   778 | 09F6A2    652962   0.0778391
   779 | 0A0489    656521   0.0782634
   780 | 0A1285    660101   0.0786902
   781 | 0A2094    663700   0.0791192
   782 | 0A2EB7    667319   0.0795506
   783 | 0A3CEE    670958   0.0799844
   784 | 0A4B39    674617   0.0804206
   785 | 0A5998    678296   0.0808592
   786 | 0A680B    681995   0.0813001
   787 | 0A7693    685715   0.0817436
   788 | 0A852F    689455   0.0821894
   789 | 0A93DF    693215   0.0826377
   790 | 0AA2A5    696997   0.0830885
   791 | 0AB17F    700799   0.0835418
   792 | 0AC06E    704622   0.0839975
   793 | 0ACF72    708466   0.0844557
   794 | 0ADE8B    712331   0.0849165
   795 | 0AEDBA    716218   0.0853798
   796 | 0AFCFE    720126   0.0858457
   797 | 0B0C58    724056   0.0863142
   798 | 0B1BC7    728007   0.0867852
   799 | 0B2B4C    731980   0.0872588
   800 | 0B3AE7    735975   0.0877351
   801 | 0B4A98    739992   0.0882139
   802 | 0B5A5F    744031   0.0886954
   803 | 0B6A3C    748092   0.0891795
   804 | 0B7A30    752176   0.0896664
   805 | 0B8A3A    756282   0.0901558
   806 | 0B9A5B    760411   0.0906481
   807 | 0BAA93    764563   0.0911430
   808 | 0BBAE1    768737   0.0916406
   809 | 0BCB47    772935   0.0921410
   810 | 0BDBC4    777156   0.0926442
   811 | 0BEC58    781400   0.0931501
   812 | 0BFD04    785668   0.0936589
   813 | 0C0DC7    789959   0.0941705
   814 | 0C1EA2    794274   0.0946848
   815 | 0C2F95    798613   0.0952021
   816 | 0C409F    802975   0.0957221
   817 | 0C51C2    807362   0.0962451
   818 | 0C62FD    811773   0.0967709
   819 | 0C7451    816209   0.0972997
   820 | 0C85BD    820669   0.0978314
   821 | 0C9742    825154   0.0983660
   822 | 0CA8DF    829663   0.0989035
   823 | 0CBA96    834198   0.0994442
   824 | 0CCC66    838758   0.0999877
   825 | 0CDE4F    843343   0.1005343
   826 | 0CF051    847953   0.1010839
   827 | 0D026D    852589   0.1016365
   828 | 0D14A2    857250   0.1021922
   829 | 0D26F2    861938   0.1027510
   830 | 0D395B    866651   0.1033128
   831 | 0D4BDF    871391   0.1038779
   832 | 0D5E7C    876156   0.1044459
   833 | 0D7135    880949   0.1050173
   834 | 0D8407    885767   0.1055917
   835 | 0D96F5    890613   0.1061693
   836 | 0DA9FE    895486   0.1067502
   837 | 0DBD21    900385   0.1073343
   838 | 0DD060    905312   0.1079216
   839 | 0DE3BA    910266   0.1085122
   840 | 0DF730    915248   0.1091061
   841 | 0E0AC1    920257   0.1097032
   842 | 0E1E6E    925294   0.1103036
   843 | 0E3238    930360   0.1109076
   844 | 0E461D    935453   0.1115147
   845 | 0E5A1F    940575   0.1121253
   846 | 0E6E3D    945725   0.1127392
   847 | 0E8278    950904   0.1133566
   848 | 0E96D0    956112   0.1139774
   849 | 0EAB45    961349   0.1146017
   850 | 0EBFD7    966615   0.1152295
   851 | 0ED486    971910   0.1158607
   852 | 0EE953    977235   0.1164955
   853 | 0EFE3D    982589   0.1171337
   854 | 0F1346    987974   0.1177757
   855 | 0F286C    993388   0.1184211
   856 | 0F3DB1    998833   0.1190702
   857 | 0F5314   1004308   0.1197228
   858 | 0F6896   1009814   0.1203792
   859 | 0F7E36   1015350   0.1210392
   860 | 0F93F6   1020918   0.1217029
   861 | 0FA9D4   1026516   0.1223702
   862 | 0FBFD2   1032146   0.1230414
   863 | 0FD5EF   1037807   0.1237162
   864 | 0FEC2C   1043500   0.1243949
   865 | 100289   1049225   0.1250774
   866 | 101906   1054982   0.1257637
   867 | 102FA3   1060771   0.1264538
   868 | 104661   1066593   0.1271478
   869 | 105D3F   1072447   0.1278456
   870 | 10743E   1078334   0.1285474
   871 | 108B5E   1084254   0.1292531
   872 | 10A29F   1090207   0.1299628
   873 | 10BA02   1096194   0.1306765
   874 | 10D186   1102214   0.1313941
   875 | 10E92C   1108268   0.1321158
   876 | 1100F5   1114357   0.1328417
   877 | 1118DF   1120479   0.1335715
   878 | 1130EC   1126636   0.1343055
   879 | 11491B   1132827   0.1350435
   880 | 11616D   1139053   0.1357857
   881 | 1179E3   1145315   0.1365322
   882 | 11927B   1151611   0.1372827
   883 | 11AB37   1157943   0.1380376
   884 | 11C417   1164311   0.1387967
   885 | 11DD1B   1170715   0.1395601
   886 | 11F643   1177155   0.1403278
   887 | 120F8F   1183631   0.1410998
   888 | 1228FF   1190143   0.1418761
   889 | 124295   1196693   0.1426569
   890 | 125C4F   1203279   0.1434420
   891 | 12762F   1209903   0.1442317
   892 | 129034   1216564   0.1450257
   893 | 12AA5F   1223263   0.1458243
   894 | 12C4B0   1230000   0.1466274
   895 | 12DF26   1236774   0.1474349
   896 | 12F9C4   1243588   0.1482472
   897 | 131488   1250440   0.1490641
   898 | 132F72   1257330   0.1498854
   899 | 134A84   1264260   0.1507115
   900 | 1365BD   1271229   0.1515423
   901 | 13811E   1278238   0.1523778
   902 | 139CA7   1285287   0.1532182
   903 | 13B857   1292375   0.1540631
   904 | 13D430   1299504   0.1549129
   905 | 13F032   1306674   0.1557677
   906 | 140C5C   1313884   0.1566272
   907 | 1428AF   1321135   0.1574916
   908 | 14452C   1328428   0.1583610
   909 | 1461D2   1335762   0.1592352
   910 | 147EA2   1343138   0.1601145
   911 | 149B9C   1350556   0.1609988
   912 | 14B8C1   1358017   0.1618882
   913 | 14D610   1365520   0.1627827
   914 | 14F38A   1373066   0.1636822
   915 | 15112F   1380655   0.1645869
   916 | 152F00   1388288   0.1654968
   917 | 154CFC   1395964   0.1664119
   918 | 156B24   1403684   0.1673322
   919 | 158979   1411449   0.1682578
   920 | 15A7FA   1419258   0.1691887
   921 | 15C6A8   1427112   0.1701250
   922 | 15E583   1435011   0.1710666
   923 | 16048B   1442955   0.1720136
   924 | 1623C1   1450945   0.1729661
   925 | 164325   1458981   0.1739241
   926 | 1662B7   1467063   0.1748875
   927 | 168278   1475192   0.1758566
   928 | 16A268   1483368   0.1768312
   929 | 16C286   1491590   0.1778114
   930 | 16E2D5   1499861   0.1787974
   931 | 170353   1508179   0.1797889
   932 | 172401   1516545   0.1807863
   933 | 1744DF   1524959   0.1817893
   934 | 1765EE   1533422   0.1827981
   935 | 17872E   1541934   0.1838129
   936 | 17A8A0   1550496   0.1848335
   937 | 17CA43   1559107   0.1858600
   938 | 17EC18   1567768   0.1868925
   939 | 180E1F   1576479   0.1879309
   940 | 183059   1585241   0.1889755
   941 | 1852C6   1594054   0.1900260
   942 | 187566   1602918   0.1910827
   943 | 18983A   1611834   0.1921456
   944 | 18BB42   1620802   0.1932147
   945 | 18DE7E   1629822   0.1942899
   946 | 1901EF   1638895   0.1953715
   947 | 192594   1648020   0.1964593
   948 | 19496F   1657199   0.1975535
   949 | 196D80   1666432   0.1986542
   950 | 1991C7   1675719   0.1997613
   951 | 19B644   1685060   0.2008748
   952 | 19DAF8   1694456   0.2019949
   953 | 19FFE3   1703907   0.2031215
   954 | 1A2505   1713413   0.2042547
   955 | 1A4A60   1722976   0.2053947
   956 | 1A6FF2   1732594   0.2065413
   957 | 1A95BE   1742270   0.2076948
   958 | 1ABBC2   1752002   0.2088549
   959 | 1AE200   1761792   0.2100220
   960 | 1B0877   1771639   0.2111958
   961 | 1B2F29   1781545   0.2123767
   962 | 1B5616   1791510   0.2135646
   963 | 1B7D3D   1801533   0.2147595
   964 | 1BA4A0   1811616   0.2159615
   965 | 1BCC3E   1821758   0.2171705
   966 | 1BF419   1831961   0.2183868
   967 | 1C1C30   1842224   0.2196102
   968 | 1C4484   1852548   0.2208409
   969 | 1C6D16   1862934   0.2220790
   970 | 1C95E6   1873382   0.2233245
   971 | 1CBEF4   1883892   0.2245774
   972 | 1CE841   1894465   0.2258378
   973 | 1D11CD   1905101   0.2271057
   974 | 1D3B98   1915800   0.2283812
   975 | 1D65A4   1926564   0.2296643
   976 | 1D8FF0   1937392   0.2309551
   977 | 1DBA7D   1948285   0.2322537
   978 | 1DE54C   1959244   0.2335601
   979 | 1E105C   1970268   0.2348742
   980 | 1E3BAF   1981359   0.2361964
   981 | 1E6745   1992517   0.2375265
   982 | 1E931E   2003742   0.2388647
   983 | 1EBF3A   2015034   0.2402108
   984 | 1EEB9C   2026396   0.2415652
   985 | 1F1841   2037825   0.2429277
   986 | 1F452D   2049325   0.2442986
   987 | 1F725D   2060893   0.2456776
   988 | 1F9FD5   2072533   0.2470652
   989 | 1FCD93   2084243   0.2484611
   990 | 1FFB98   2096024   0.2498655
   991 | 2029E5   2107877   0.2512785
   992 | 20587A   2119802   0.2527001
   993 | 208759   2131801   0.2541305
   994 | 20B680   2143872   0.2555695
   995 | 20E5F2   2156018   0.2570174
   996 | 2115AE   2168238   0.2584741
   997 | 2145B6   2180534   0.2599399
   998 | 217608   2192904   0.2614145
   999 | 21A6A7   2205351   0.2628983
  1000 | 21D793   2217875   0.2643913
  1001 | 2208CC   2230476   0.2658935
  1002 | 223A53   2243155   0.2674049
  1003 | 226C29   2255913   0.2689258
  1004 | 229E4E   2268750   0.2704561
  1005 | 22D0C2   2281666   0.2719958
  1006 | 230387   2294663   0.2735451
  1007 | 23369C   2307740   0.2751040
  1008 | 236A03   2320899   0.2766727
  1009 | 239DBC   2334140   0.2782512
  1010 | 23D1C8   2347464   0.2798395
  1011 | 240628   2360872   0.2814379
  1012 | 243ADB   2374363   0.2830461
  1013 | 246FE4   2387940   0.2846646
  1014 | 24A541   2401601   0.2862931
  1015 | 24DAF5   2415349   0.2879320
  1016 | 2510FF   2429183   0.2895812
  1017 | 254761   2443105   0.2912408
  1018 | 257E1B   2457115   0.2929109
  1019 | 25B52E   2471214   0.2945917
  1020 | 25EC9A   2485402   0.2962830
  1021 | 262461   2499681   0.2979852
  1022 | 265C82   2514050   0.2996981
  1023 | 2694FF   2528511   0.3014220
  1024 | 26CDD9   2543065   0.3031570
  1025 | 270710   2557712   0.3049030
  1026 | 2740A5   2572453   0.3066603
  1027 | 277A98   2587288   0.3084288
  1028 | 27B4EB   2602219   0.3102087
  1029 | 27EF9E   2617246   0.3120000
  1030 | 282AB2   2632370   0.3138030
  1031 | 286628   2647592   0.3156176
  1032 | 28A201   2662913   0.3174440
  1033 | 28DE3D   2678333   0.3192822
  1034 | 291ADD   2693853   0.3211323
  1035 | 2957E3   2709475   0.3229946
  1036 | 29954F   2725199   0.3248690
  1037 | 29D321   2741025   0.3267556
  1038 | 2A115B   2756955   0.3286546
  1039 | 2A4FFE   2772990   0.3305662
  1040 | 2A8F0A   2789130   0.3324902
  1041 | 2ACE81   2805377   0.3344270
  1042 | 2B0E63   2821731   0.3363765
  1043 | 2B4EB1   2838193   0.3383390
  1044 | 2B8F6D   2854765   0.3403145
  1045 | 2BD096   2871446   0.3423030
  1046 | 2C122F   2888239   0.3443049
  1047 | 2C5438   2905144   0.3463202
  1048 | 2C96B2   2922162   0.3483489
  1049 | 2CD99E   2939294   0.3503911
  1050 | 2D1CFD   2956541   0.3524472
  1051 | 2D60D0   2973904   0.3545170
  1052 | 2DA518   2991384   0.3566008
  1053 | 2DE9D6   3008982   0.3586986
  1054 | 2E2F0C   3026700   0.3608108
  1055 | 2E74BA   3044538   0.3629372
  1056 | 2EBAE1   3062497   0.3650781
  1057 | 2F0183   3080579   0.3672336
  1058 | 2F48A1   3098785   0.3694040
  1059 | 2F903B   3117115   0.3715891
  1060 | 2FD853   3135571   0.3737892
  1061 | 3020EB   3154155   0.3760046
  1062 | 306A03   3172867   0.3782352
  1063 | 30B39C   3191708   0.3804812
  1064 | 30FDB8   3210680   0.3827429
  1065 | 314857   3229783   0.3850201
  1066 | 31937C   3249020   0.3873134
  1067 | 31DF28   3268392   0.3896227
  1068 | 322B5B   3287899   0.3919481
  1069 | 327817   3307543   0.3942899
  1070 | 32C55E   3327326   0.3966482
  1071 | 331330   3347248   0.3990231
  1072 | 336190   3367312   0.4014149
  1073 | 33B07E   3387518   0.4038236
  1074 | 33FFFB   3407867   0.4062494
  1075 | 34500A   3428362   0.4086926
  1076 | 34A0AC   3449004   0.4111533
  1077 | 34F1E2   3469794   0.4136317
  1078 | 3543AD   3490733   0.4161278
  1079 | 359610   3511824   0.4186420
  1080 | 35E90B   3533067   0.4211744
  1081 | 363CA1   3554465   0.4237252
  1082 | 3690D2   3576018   0.4262946
  1083 | 36E5A1   3597729   0.4288827
  1084 | 373B0F   3619599   0.4314898
  1085 | 37911D   3641629   0.4341160
  1086 | 37E7CE   3663822   0.4367616
  1087 | 383F22   3686178   0.4394267
  1088 | 38971D   3708701   0.4421116
  1089 | 38EFBF   3731391   0.4448165
  1090 | 39490A   3754250   0.4475415
  1091 | 39A300   3777280   0.4502869
  1092 | 39FDA3   3800483   0.4530529
  1093 | 3A58F5   3823861   0.4558398
  1094 | 3AB4F7   3847415   0.4586476
  1095 | 3B11AC   3871148   0.4614768
  1096 | 3B6F16   3895062   0.4643276
  1097 | 3BCD36   3919158   0.4672000
  1098 | 3C2C0E   3943438   0.4700944
  1099 | 3C8BA1   3967905   0.4730111
  1100 | 3CEBF1   3992561   0.4759504
  1101 | 3D4CFF   4017407   0.4789122
  1102 | 3DAECE   4042446   0.4818971
  1103 | 3E1160   4067680   0.4849052
  1104 | 3E74B7   4093111   0.4879369
  1105 | 3ED8D6   4118742   0.4909923
  1106 | 3F3DBF   4144575   0.4940718
  1107 | 3FA374   4170612   0.4971757
  1108 | 4009F7   4196855   0.5003041
  1109 | 40714B   4223307   0.5034574
  1110 | 40D973   4249971   0.5066360
  1111 | 414270   4276848   0.5098400
  1112 | 41AC46   4303942   0.5130699
  1113 | 4216F7   4331255   0.5163258
  1114 | 428285   4358789   0.5196081
  1115 | 42EEF4   4386548   0.5229173
  1116 | 435C46   4414534   0.5262535
  1117 | 43CA7D   4442749   0.5296170
  1118 | 44399D   4471197   0.5330082
  1119 | 44A9A8   4499880   0.5364275
  1120 | 451AA2   4528802   0.5398753
  1121 | 458C8D   4557965   0.5433518
  1122 | 45FF6D   4587373   0.5468575
  1123 | 467344   4617028   0.5503926
  1124 | 46E815   4646933   0.5539576
  1125 | 475DE4   4677092   0.5575528
  1126 | 47D4B5   4707509   0.5611788
  1127 | 484C89   4738185   0.5648357
  1128 | 48C566   4769126   0.5685241
  1129 | 493F4D   4800333   0.5722443
  1130 | 49BA44   4831812   0.5759969
  1131 | 4A364C   4863564   0.5797820
  1132 | 4AB36B   4895595   0.5836004
  1133 | 4B31A3   4927907   0.5874523
  1134 | 4BB0F8   4960504   0.5913382
  1135 | 4C316F   4993391   0.5952586
  1136 | 4CB30B   5026571   0.5992140
  1137 | 4D35D0   5060048   0.6032047
  1138 | 4DB9C3   5093827   0.6072315
  1139 | 4E3EE7   5127911   0.6112946
  1140 | 4EC541   5162305   0.6153947
  1141 | 4F4CD5   5197013   0.6195322
  1142 | 4FD5A8   5232040   0.6237078
  1143 | 505FBE   5267390   0.6279218
  1144 | 50EB1B   5303067   0.6321748
  1145 | 5177C5   5339077   0.6364676
  1146 | 5205C1   5375425   0.6408006
  1147 | 529512   5412114   0.6451743
  1148 | 5325BF   5449151   0.6495894
  1149 | 53B7CC   5486540   0.6540465
  1150 | 544B3E   5524286   0.6585462
  1151 | 54E01C   5562396   0.6630893
  1152 | 55766A   5600874   0.6676762
  1153 | 560E2D   5639725   0.6723076
  1154 | 56A76D   5678957   0.6769844
  1155 | 57422E   5718574   0.6817071
  1156 | 57DE77   5758583   0.6864766
  1157 | 587C4D   5798989   0.6912934
  1158 | 591BB7   5839799   0.6961583
  1159 | 59BCBB   5881019   0.7010721
  1160 | 5A5F5F   5922655   0.7060355
  1161 | 5B03AB   5964715   0.7110494
  1162 | 5BA9A6   6007206   0.7161148
  1163 | 5C5155   6050133   0.7212321
  1164 | 5CFAC1   6093505   0.7264024
  1165 | 5DA5F0   6137328   0.7316265
  1166 | 5E52EA   6181610   0.7369053
  1167 | 5F01B7   6226359   0.7422398
  1168 | 5FB25F   6271583   0.7476310
  1169 | 6064E9   6317289   0.7530795
  1170 | 61195D   6363485   0.7585865
  1171 | 61CFC5   6410181   0.7641531
  1172 | 628829   6457385   0.7697803
  1173 | 634291   6505105   0.7754689
  1174 | 63FF07   6553351   0.7812203
  1175 | 64BD94   6602132   0.7870355
  1176 | 657E42   6651458   0.7929156
  1177 | 664119   6701337   0.7988616
  1178 | 670625   6751781   0.8048750
  1179 | 67CD6F   6802799   0.8109568
  1180 | 689702   6854402   0.8171084
  1181 | 6962E9   6906601   0.8233310
  1182 | 6A312E   6959406   0.8296258
  1183 | 6B01DE   7012830   0.8359945
  1184 | 6BD503   7066883   0.8424381
  1185 | 6CAAAB   7121579   0.8489584
  1186 | 6D82E0   7176928   0.8555565
  1187 | 6E5DB0   7232944   0.8622341
  1188 | 6F3B28   7289640   0.8689928
  1189 | 701B54   7347028   0.8758340
  1190 | 70FE44   7405124   0.8827596
  1191 | 71E404   7463940   0.8897710
  1192 | 72CCA3   7523491   0.8968700
  1193 | 73B830   7583792   0.9040585
  1194 | 74A6BB   7644859   0.9113382
  1195 | 759853   7706707   0.9187111
  1196 | 768D08   7769352   0.9261789
  1197 | 7784EB   7832811   0.9337438
  1198 | 78800D   7897101   0.9414078
  1199 | 797E80   7962240   0.9491730
  1200 | 7A8056   8028246   0.9570415
