141800  400000    4194304  +0.500000000
141801  3ADEC2    3858114  +0.459923029
141802  3626CC    3548876  +0.423058987
141803  31CFA2    3264418  +0.389148951
141804  2DD189    3002761  +0.357957006
141805  2A2563    2762083  +0.329265952
141806  26C493    2540691  +0.302873969
141807  23A919    2337049  +0.278597951
141808  20CD5B    2149723  +0.256266952
141809  1E2C45    1977413  +0.235725999
14180A  1BC127    1818919  +0.216832042
14180B  1987A5    1673125  +0.199452043
14180C  177BC8    1539016  +0.183465004
14180D  1599ED    1415661  +0.168759942
14180E  13DEAD    1302189  +0.155233026
14180F  1246FA    1197818  +0.142791033
141810  10CFEA    1101802  +0.131345034
141811  0F76F7    1013495  +0.120818019
141812  0E39A4     932260  +0.111134052
141813  0D15BE     857534  +0.102226019
141814  0C093E     788798  +0.094032049
141815  0B1245     725573  +0.086495042
141816  0A2F16     667414  +0.079561949
141817  095E20     613920  +0.073184967
141818  089DE9     564713  +0.067319036
141819  07ED18     519448  +0.061923027
14181A  074A77     477815  +0.056959987
14181B  06B4D9     439513  +0.052394032
14181C  062B41     404289  +0.048195004
14181D  05ACAC     371884  +0.044332027
14181E  053837     342071  +0.040778041
14181F  04CD21     314657  +0.037510037
141820  046A98     289432  +0.034502983
141821  040FFE     266238  +0.031738043
141822  03BCA1     244897  +0.029193997
141823  036FF4     225268  +0.026854038
141824  032967     207207  +0.024700999
141825  02E886     190598  +0.022721052
141826  02ACDA     175322  +0.020900011
141827  0275F7     161271  +0.019225001
141828  024378     148344  +0.017683983
141829  021509     136457  +0.016266942
14182A  01EA4F     125519  +0.014963031
14182B  01C305     115461  +0.013764024
14182C  019ED8     106200  +0.012660027
14182D  017D9E      97694  +0.011646032
14182E  015F03      89859  +0.010712028
14182F  0142DD      82653  +0.009853005
141830  012902      76034  +0.009063959
141831  011130      69936  +0.008337021
141832  00FB4C      64332  +0.007668972
141833  00E725      59173  +0.007053971
141834  00D4A2      54434  +0.006489038
141835  00C398      50072  +0.005969048
141836  00B3E5      46053  +0.005489945
141837  00A57A      42362  +0.005049944
141838  009835      38965  +0.004644990
141839  008C05      35845  +0.004273057
14183A  0080D0      32976  +0.003931046
14183B  00767D      30333  +0.003615975
14183C  006CFD      27901  +0.003326058
14183D  00643D      25661  +0.003059030
14183E  005C36      23606  +0.002814054
14183F  0054CE      21710  +0.002588034
141840  004E05      19973  +0.002380967
141841  0047C3      18371  +0.002189994
141842  004207      16903  +0.002014995
141843  003CB8      15544  +0.001852989
141844  0037DF      14303  +0.001705050
141845  003361      13153  +0.001567960
141846  002F40      12096  +0.001441956
141847  002B7C      11132  +0.001327038
141848  0027FA      10234  +0.001219988
141849  0024CC       9420  +0.001122952
14184A  0021D9       8665  +0.001032948
14184B  001F21       7969  +0.000949979
14184C  001CA4       7332  +0.000874043
14184D  001A58       6744  +0.000803947
14184E  001837       6199  +0.000738978
14184F  001648       5704  +0.000679970
141850  00147B       5243  +0.000625014
141851  0012D7       4823  +0.000574946
141852  001156       4438  +0.000529051
141853  000FF5       4085  +0.000486970
141854  000EAE       3758  +0.000447989
141855  000D80       3456  +0.000411987
141856  000C6B       3179  +0.000378966
141857  000B70       2928  +0.000349045
141858  000A85       2693  +0.000321031
141859  0009AB       2475  +0.000295043
14185A  0008E1       2273  +0.000270963
14185B  000829       2089  +0.000249028
14185C  000781       1921  +0.000229001
14185D  0006EA       1770  +0.000211000
14185E  00065B       1627  +0.000193954
14185F  0005DE       1502  +0.000179052
141860  000560       1376  +0.000164032
141861  0004F3       1267  +0.000151038
141862  00048E       1166  +0.000138998
141863  000432       1074  +0.000128031
141864  0003DE        990  +0.000118017
141865  00038A        906  +0.000108004
141866  000347        839  +0.000100017
141867  000304        772  +0.000092030
141868  0002C1        705  +0.000084043
141869  000286        646  +0.000077009
14186A  000254        596  +0.000071049
14186B  00022A        554  +0.000066042
14186C  0001F7        503  +0.000059962
14186D  0001CD        461  +0.000054955
14186E  0001AC        428  +0.000051022
14186F  00018A        394  +0.000046968
141870  000169        361  +0.000043035
141871  000150        336  +0.000040054
141872  000136        310  +0.000036955
141873  00011D        285  +0.000033975
141874  000104        260  +0.000030994
141875  0000EB        235  +0.000028014
141876  0000DA        218  +0.000025988
141877  0000C9        201  +0.000023961
141878  0000B9        185  +0.000022054
141879  0000A8        168  +0.000020027
14187A  00009F        159  +0.000018954
14187B  00008F        143  +0.000017047
14187C  000086        134  +0.000015974
14187D  00007E        126  +0.000015020
14187E  00006D        109  +0.000012994
14187F  000065        101  +0.000012040
