141A80  004000      16384  +0.001953125
141A81  008000      32768  +0.003906250
141A82  010000      65536  +0.007812500
141A83  018000      98304  +0.011718750
141A84  020000     131072  +0.015625000
141A85  028000     163840  +0.019531250
141A86  030000     196608  +0.023437500
141A87  040000     262144  +0.031250000
141A88  050000     327680  +0.039062500
141A89  060000     393216  +0.046875000
141A8A  070000     458752  +0.054687500
141A8B  080000     524288  +0.062500000
141A8C  0A0000     655360  +0.078125000
141A8D  0C0000     786432  +0.093750000
141A8E  0E0000     917504  +0.109375000
141A8F  100000    1048576  +0.125000000
141A90  140000    1310720  +0.156250000
141A91  180000    1572864  +0.187500000
141A92  1C0000    1835008  +0.218750000
141A93  200000    2097152  +0.250000000
141A94  280000    2621440  +0.312500000
141A95  300000    3145728  +0.375000000
141A96  380000    3670016  +0.437500000
141A97  400000    4194304  +0.500000000
