143546  000D35       3381  +0.000403047
143547  000D47       3399  +0.000405192
143548  000D5A       3418  +0.000407457
143549  000D6C       3436  +0.000409603
14354A  000D7F       3455  +0.000411868
14354B  000D92       3474  +0.000414133
14354C  000DA5       3493  +0.000416398
14354D  000DB7       3511  +0.000418544
14354E  000DCB       3531  +0.000420928
14354F  000DDE       3550  +0.000423193
143550  000DF1       3569  +0.000425458
143551  000E04       3588  +0.000427723
143552  000E18       3608  +0.000430107
143553  000E2B       3627  +0.000432372
143554  000E3F       3647  +0.000434756
143555  000E53       3667  +0.000437140
143556  000E67       3687  +0.000439525
143557  000E7B       3707  +0.000441909
143558  000E8F       3727  +0.000444293
143559  000EA3       3747  +0.000446677
14355A  000EB8       3768  +0.000449181
14355B  000ECC       3788  +0.000451565
14355C  000EE1       3809  +0.000454068
14355D  000EF5       3829  +0.000456452
14355E  000F0A       3850  +0.000458956
14355F  000F1F       3871  +0.000461459
143560  000F34       3892  +0.000463963
143561  000F49       3913  +0.000466466
143562  000F5E       3934  +0.000468969
143563  000F74       3956  +0.000471592
143564  000F89       3977  +0.000474095
143565  000F9F       3999  +0.000476718
143566  000FB4       4020  +0.000479221
143567  000FCA       4042  +0.000481844
143568  000FE0       4064  +0.000484467
143569  000FF6       4086  +0.000487089
14356A  00100C       4108  +0.000489712
14356B  001023       4131  +0.000492454
14356C  001039       4153  +0.000495076
14356D  001050       4176  +0.000497818
14356E  001066       4198  +0.000500441
14356F  00107D       4221  +0.000503182
143570  001094       4244  +0.000505924
143571  0010AB       4267  +0.000508666
143572  0010C2       4290  +0.000511408
143573  0010DA       4314  +0.000514269
143574  0010F1       4337  +0.000517011
143575  001109       4361  +0.000519872
143576  001120       4384  +0.000522614
143577  001138       4408  +0.000525475
143578  001150       4432  +0.000528336
143579  001168       4456  +0.000531197
14357A  001180       4480  +0.000534058
14357B  001198       4504  +0.000536919
14357C  0011B1       4529  +0.000539899
14357D  0011CA       4554  +0.000542879
14357E  0011E2       4578  +0.000545740
14357F  0011FB       4603  +0.000548720
143580  001214       4628  +0.000551701
143581  00122D       4653  +0.000554681
143582  001246       4678  +0.000557661
143583  001260       4704  +0.000560760
143584  001279       4729  +0.000563741
143585  001293       4755  +0.000566840
143586  0012AD       4781  +0.000569940
143587  0012C7       4807  +0.000573039
143588  0012E1       4833  +0.000576138
143589  0012FB       4859  +0.000579238
14358A  001316       4886  +0.000582457
14358B  001330       4912  +0.000585556
14358C  00134B       4939  +0.000588775
14358D  001366       4966  +0.000591993
14358E  001380       4992  +0.000595093
14358F  00139C       5020  +0.000598431
143590  0013B7       5047  +0.000601649
143591  0013D2       5074  +0.000604868
143592  0013EE       5102  +0.000608206
143593  001409       5129  +0.000611424
143594  001425       5157  +0.000614762
143595  001441       5185  +0.000618100
143596  00145D       5213  +0.000621438
143597  00147A       5242  +0.000624895
143598  001496       5270  +0.000628233
143599  0014B3       5299  +0.000631690
14359A  0014D0       5328  +0.000635147
14359B  0014ED       5357  +0.000638604
14359C  00150A       5386  +0.000642061
14359D  001527       5415  +0.000645518
14359E  001544       5444  +0.000648975
14359F  001562       5474  +0.000652552
1435A0  00157F       5503  +0.000656009
1435A1  00159D       5533  +0.000659585
1435A2  0015BB       5563  +0.000663161
1435A3  0015DA       5594  +0.000666857
1435A4  0015F8       5624  +0.000670433
1435A5  001616       5654  +0.000674009
1435A6  001635       5685  +0.000677705
1435A7  001654       5716  +0.000681400
1435A8  001673       5747  +0.000685096
1435A9  001692       5778  +0.000688791
1435AA  0016B2       5810  +0.000692606
1435AB  0016D1       5841  +0.000696301
1435AC  0016F1       5873  +0.000700116
1435AD  001711       5905  +0.000703931
1435AE  001731       5937  +0.000707746
1435AF  001751       5969  +0.000711560
1435B0  001771       6001  +0.000715375
1435B1  001792       6034  +0.000719309
1435B2  0017B3       6067  +0.000723243
1435B3  0017D4       6100  +0.000727177
1435B4  0017F5       6133  +0.000731111
1435B5  001816       6166  +0.000735044
1435B6  001838       6200  +0.000739098
1435B7  001859       6233  +0.000743032
1435B8  00187B       6267  +0.000747085
1435B9  00189D       6301  +0.000751138
1435BA  0018BF       6335  +0.000755191
1435BB  0018E2       6370  +0.000759363
1435BC  001904       6404  +0.000763416
1435BD  001927       6439  +0.000767589
1435BE  00194A       6474  +0.000771761
1435BF  00196D       6509  +0.000775933
1435C0  001990       6544  +0.000780106
1435C1  0019B4       6580  +0.000784397
1435C2  0019D8       6616  +0.000788689
1435C3  0019FC       6652  +0.000792980
1435C4  001A20       6688  +0.000797272
1435C5  001A44       6724  +0.000801563
