V 64 64 64 64 74 80 30 64 11776 4
O 853 853 115623 115623 672982 672982 1050252 1050252 644318 644318 16578597 16578597 15841416 15841416 15787238 15787238 15753896 15753896 16215078 16215078 35587 35587 463650 463650 975612 975612 947671 947671 195027 195027 15895601 15895601
O 16036577 16036577 767564 767564 370497 370497 15876234 15876234 16310612 16310612 969734 969734 785173 785173 16385890 16385890 15788381 15788381 16323245 16323245 649074 649074 483218 483218 15678539 15678539 395135 395135 1310690 1310690 54395 54395
O 16173372 16173372 16239366 16239366 976310 976310 79107 79107 15713724 15713724 16288892 16288892 864217 864217 385842 385842 15788110 15788110 16207877 16207877 608068 608068 599234 599234 15919495 15919495 15990533 15990533 703733 703733 618001 618001
O 16189993 16189993 16124953 16124953 1007381 1007381 817181 817181 16708108 16708108 15802932 15802932 866610 866610 918041 918041 16380879 16380879 16071416 16071416 16538029 16538029 987482 987482 16163201 16163201 15675128 15675128 16661402 16661402 796737 796737
S 1359186 8388608 12620869 0 1350815 10485760 0 0 1357635 15108096 1093 12619776 8210035 578599 66 3613824 12519834 625652 15692311 1473484 1832963 1473484 1832963 1443127 1743822 16575353 2065612 14705043 0 8380413 0 6353920 1152
V 0 64 64 64 74 80 30 64 11776 4
O 853 853 115623 115623 671603 671603 1102120 1102120 854117 854117 396101 396101 16652844 16652844 16197175 16197175 15898934 15898934 15786583 15786583 16108222 16108222 405368 405368 1129798 1129798 494555 494555 16280671 16280671 15823379 15823379
O 16751950 16751950 1109141 1109141 16425351 16425351 15700978 15700978 16698471 16698471 895870 895870 406467 406467 15711155 15711155 16604179 16604179 1197520 1197520 251678 251678 15957218 15957218 16251618 16251618 818021 818021 399745 399745 15739947 15739947
O 16192199 16192199 765969 765969 639087 639087 16005145 16005145 16301405 16301405 858243 858243 798021 798021 16319783 16319783 15859303 15859303 686394 686394 817111 817111 16024800 16024800 15932566 15932566 226906 226906 1004701 1004701 16446246 16446246
O 15696110 15696110 522259 522259 993946 993946 16703161 16703161 15862757 15862757 23473 23473 1019323 1019323 16631547 16631547 15691983 15691983 16572102 16572102 909288 909288 59290 59290 15749546 15749546 16703038 16703038 957228 957228 479364 479364
S 1351680 0 0 0 1350815 10485760 0 0 1358562 13465600 1093 12619776 0 578599 66 3613824 0 15379761 14753385 689004 80431 689004 80431 890100 1027359 1790804 0 14705043 0 8380413 0 6353920 1152
V 127 64 64 64 74 80 30 64 23552 4
O 1707 1707 144795 144795 814040 814040 1083609 1083609 499809 499809 16768434 16768434 15729563 15729563 16530564 16530564 907534 907534 16552462 16552462 15936886 15936886 584665 584665 16454494 16454494 16519979 16519979 532384 532384 15938658 15938658
O 789140 789140 16166098 16166098 332668 332668 73970 73970 22439 22439 16770428 16770428 16693192 16693192 53394 53394 46584 46584 31621 31621 16571575 16571575 16731402 16731402 163347 163347 32642 32642 16742780 16742780 16691379 16691379
O 16764790 16764790 73627 73627 34546 34546 16604893 16604893 29245 29245 83444 83444 78194 78194 16762734 16762734 16575193 16575193 108285 108285 62744 62744 16765529 16765529 16688468 16688468 16649619 16649619 186969 186969 100865 100865
O 16695927 16695927 16633331 16633331 90772 90772 16775591 16775591 94056 94056 16550464 16550464 40815 40815 135036 135036 37719 37719 16746724 16746724 16635047 16635047 42752 42752 128530 128530 16764388 16764388 16644876 16644876 29285 29285
S 1354567 16148064 151827 16473556 1358314 6291456 0 0 1356004 11034624 2187 8462336 9161263 11837152 16776650 10981376 2793207 190603 2035706 1396070 14716790 1396070 14716790 16590980 303378 3201878 13979516 14855786 0 8380413 0 6353920 1152
V 64 0 64 64 74 80 30 64 11776 4
O 853 853 115623 115623 669872 669872 973389 973389 443178 443178 16624511 16624511 15976142 15976142 15772695 15772695 15908564 15908564 16674266 16674266 818399 818399 1011626 1011626 628795 628795 286436 286436 16197702 16197702 15824933 15824933
O 16598671 16598671 899684 899684 15935199 15935199 15702219 15702219 16629903 16629903 333664 333664 941743 941743 16539640 16539640 15961772 15961772 118557 118557 965923 965923 383988 383988 15989799 15989799 16243011 16243011 875427 875427 562969 562969
O 15971162 15971162 16043121 16043121 560005 560005 864011 864011 15833836 15833836 15648916 15648916 16688911 16688911 643246 643246 16477920 16477920 16387036 16387036 904322 904322 15459133 15459133 16287245 16287245 577240 577240 628755 628755 15912524 15912524
O 16094165 16094165 866950 866950 882856 882856 56246 56246 15825771 15825771 16724193 16724193 1111855 1111855 350410 350410 16043854 16043854 16383416 16383416 873988 873988 147835 147835 15704706 15704706 16622163 16622163 863615 863615 499244 499244
S 1355520 0 2076160 0 1350815 10485760 0 0 1357530 4532224 1093 12619776 1636536 578599 66 3613824 2991939 15648090 15237460 505694 152832 505694 152832 946775 1050202 2456716 560480 14705043 0 8380413 16553457 6353920 1152
V 64 127 64 64 74 80 30 64 23552 4
O 1707 1707 144795 144795 762531 762531 475605 475605 15894574 15894574 15993707 15993707 16530345 16530345 1077196 1077196 370960 370960 15874147 15874147 329193 329193 396916 396916 15778254 15778254 916646 916646 16527367 16527367 16479912 16479912
O 556148 556148 16468230 16468230 453988 453988 16532888 16532888 16767372 16767372 84717 84717 16618906 16618906 154060 154060 19306 19306 104071 104071 16251739 16251739 334949 334949 4153 4153 16548533 16548533 187477 187477 16309441 16309441
O 522122 522122 16571162 16571162 463575 463575 16152925 16152925 215581 215581 16649002 16649002 260311 260311 16399538 16399538 204427 204427 16546125 16546125 16743958 16743958 25387 25387 209779 209779 16572704 16572704 223170 223170 16513948 16513948
O 138736 138736 92180 92180 16737590 16737590 16736233 16736233 16773815 16773815 19506 19506 16684806 16684806 87219 87219 6037 6037 16538729 16538729 136387 136387 16721026 16721026 66673 66673 40908 40908 45956 45956 16506855 16506855
S 1357314 8388608 13811365 0 1358314 6291456 0 0 1356281 14196736 2187 8462336 8453680 11837152 16776650 10981376 14745091 16615751 2056946 2292098 15400245 2292098 15400245 1854676 13841099 1481164 12008999 14855786 0 8380413 16540953 6353920 1152
V 64 64 0 64 74 80 30 64 11776 4
O 853 853 115623 115623 671603 671603 1102120 1102120 854117 854117 396101 396101 16652844 16652844 16197175 16197175 15898934 15898934 15786583 15786583 16108222 16108222 405368 405368 1129798 1129798 494555 494555 16280671 16280671 15823379 15823379
O 16751950 16751950 1109141 1109141 16425351 16425351 15700978 15700978 16698471 16698471 895870 895870 406467 406467 15711155 15711155 16604179 16604179 1197520 1197520 251678 251678 15957218 15957218 16251618 16251618 818021 818021 399745 399745 15739947 15739947
O 16192199 16192199 765969 765969 639087 639087 16005145 16005145 16301405 16301405 858243 858243 798021 798021 16319783 16319783 15859303 15859303 686394 686394 817111 817111 16024800 16024800 15932566 15932566 226906 226906 1004701 1004701 16446246 16446246
O 15696110 15696110 522259 522259 993946 993946 16703161 16703161 15862757 15862757 23473 23473 1019323 1019323 16631547 16631547 15691983 15691983 16572102 16572102 909288 909288 59290 59290 15749546 15749546 16703038 16703038 957228 957228 479364 479364
S 1359186 8388608 12620869 0 1350815 10485760 0 0 1358562 13465600 1093 12619776 8210035 578599 66 3613824 12519834 15379761 14753385 689004 80431 689004 80431 890100 1027359 1790804 2065612 14705043 0 8380413 0 6353920 1152
V 64 64 127 64 74 80 30 64 23552 4
O 1707 1707 144795 144795 725666 725666 248846 248846 15890129 15890129 16501688 16501688 171355 171355 246874 246874 15790569 15790569 16658826 16658826 888820 888820 16738759 16738759 16419688 16419688 923802 923802 16095934 16095934 568856 568856
O 16575923 16575923 16519482 16519482 596454 596454 16286199 16286199 16572576 16572576 264227 264227 16112648 16112648 327841 327841 16452069 16452069 275588 275588 16304373 16304373 373235 373235 16698192 16698192 333829 333829 16401108 16401108 39176 39176
O 56200 56200 160032 160032 270377 270377 266625 266625 177171 177171 16589302 16589302 22174 22174 175172 175172 23284 23284 387371 387371 46215 46215 414889 414889 16718131 16718131 190716 190716 94231 94231 230213 230213
O 304418 304418 416750 416750 171931 171931 101780 101780 121886 121886 298190 298190 327478 327478 243580 243580 268617 268617 101689 101689 207877 207877 153016 153016 401147 401147 91742 91742 360983 360983 32734 32734
S 1353237 8388608 8464523 0 1358314 6291456 0 0 1359040 14209024 2187 8462336 12882561 11837152 16776650 10981376 13224802 756445 15839554 14426204 1829908 14426204 1829908 15512377 1395778 5162983 16540224 14855786 0 8380413 0 6353920 1152
V 64 64 64 0 74 80 30 64 11776 4
O 853 853 115623 115623 655243 655243 1058272 1058272 954788 954788 827140 827140 569497 569497 69133 69133 16210492 16210492 16038668 16038668 15961135 15961135 207770 207770 1196339 1196339 16601222 16601222 15838398 15838398 16107979 16107979
O 606975 606975 897669 897669 15824623 15824623 15911946 15911946 341831 341831 863965 863965 16713148 16713148 16033260 16033260 782782 782782 471638 471638 15696884 15696884 16010976 16010976 209129 209129 853168 853168 16213107 16213107 16014368 16014368
O 635371 635371 1002692 1002692 16731507 16731507 15785959 15785959 402660 402660 1138467 1138467 16655244 16655244 15945234 15945234 16351475 16351475 1038120 1038120 16718184 16718184 15487811 15487811 16598043 16598043 727678 727678 432649 432649 15813538 15813538
O 16621098 16621098 966197 966197 632001 632001 15997132 15997132 16178792 16178792 847340 847340 503059 503059 16003579 16003579 16012368 16012368 572382 572382 920471 920471 16079112 16079112 15998062 15998062 747253 747253 846228 846228 16422910 16422910
S 1359186 8388608 12620869 0 1350815 10485760 0 0 1359397 6469632 1093 12619776 8210035 578599 66 3613824 12519834 14691358 14837836 15986994 15493940 15986994 15493940 16150116 15987092 2395642 2065612 14705043 14043512 8380413 0 6353920 1152
V 64 64 64 127 74 80 30 64 23552 4
O 1707 1707 144795 144795 811537 811537 956406 956406 16748675 16748675 16348034 16348034 15891332 15891332 16353843 16353843 890385 890385 50751 50751 16036853 16036853 689059 689059 16579137 16579137 16438876 16438876 783703 783703 16048095 16048095
O 426685 426685 16288095 16288095 124307 124307 16699892 16699892 59826 59826 16664101 16664101 16505301 16505301 26037 26037 16746741 16746741 5621 5621 16554777 16554777 16761184 16761184 16745046 16745046 45 45 16649824 16649824 16593429 16593429
O 16707667 16707667 11308 11308 11319 11319 16673158 16673158 25959 25959 16713879 16713879 41230 41230 16743844 16743844 27735 27735 16767541 16767541 77480 77480 61070 61070 16764293 16764293 120011 120011 14670 14670 125665 125665
O 16751221 16751221 89393 89393 16752510 16752510 99896 99896 78198 78198 36119 36119 86508 86508 16696584 16696584 77285 77285 16707282 16707282 87200 87200 16703113 16703113 61818 61818 16744334 16744334 16768340 16768340 19133 19133
S 1353237 8388608 8464523 0 1358314 6291456 0 0 1358589 14340096 2187 8462336 12882561 11837152 16776650 10981376 13224802 1697118 15678251 14711675 195335 14711675 195335 15083383 1770365 2749132 16540224 14855786 13890759 8380413 0 6353920 1152
V 64 64 64 64 0 80 30 64 11776 4
O 853 853 122550 122550 732777 732777 963314 963314 255728 255728 16342357 16342357 15651878 15651878 15836177 15836177 16143816 16143816 508838 508838 1120876 1120876 942596 942596 833834 833834 16625011 16625011 15835975 15835975 16524067 16524067
O 949512 949512 202812 202812 15812707 15812707 150899 150899 1004055 1004055 15958546 15958546 15881493 15881493 96649 96649 937653 937653 496642 496642 16008142 16008142 16768341 16768341 855075 855075 15770066 15770066 16049450 16049450 674920 674920
O 674865 674865 16263618 16263618 16334090 16334090 1371990 1371990 84199 84199 16022783 16022783 16596317 16596317 1047924 1047924 16225821 16225821 15700920 15700920 193583 193583 733536 733536 16181921 16181921 15919857 15919857 980787 980787 535620 535620
O 16254979 16254979 16369141 16369141 1373700 1373700 40518 40518 16009413 16009413 16607785 16607785 1033159 1033159 16203771 16203771 15702855 15702855 230410 230410 718438 718438 16168298 16168298 15968019 15968019 1032853 1032853 506727 506727 16236838 16236838
S 1359186 8388608 12620869 0 1351680 0 0 0 1353339 10283008 1093 12619776 8210035 0 0 0 12519834 15384600 783847 15191333 14674370 15191333 14674370 15706199 15686723 14784549 2065612 0 0 8380413 0 6353920 1152
V 64 64 64 64 127 80 30 64 23552 4
O 1707 1707 144584 144584 674393 674393 84224 84224 15566537 15566537 16216965 16216965 149655 149655 772069 772069 858726 858726 108547 108547 16081240 16081240 542837 542837 16095666 16095666 224808 224808 506510 506510 15731788 15731788
O 1093999 1093999 16284888 16284888 98078 98078 200640 200640 16693015 16693015 16437203 16437203 336829 336829 16070397 16070397 487223 487223 16551025 16551025 16503240 16503240 200226 200226 16302363 16302363 293064 293064 94563 94563 16529616 16529616
O 580069 580069 16184288 16184288 282260 282260 16582057 16582057 16596746 16596746 470388 470388 16556526 16556526 199862 199862 184779 184779 16283830 16283830 460645 460645 16233333 16233333 346150 346150 210603 210603 16526391 16526391 527939 527939
O 16340419 16340419 128135 128135 304 304 16469039 16469039 582868 582868 16559801 16559801 168158 168158 213981 213981 16288987 16288987 456037 456037 16274674 16274674 311983 311983 268588 268588 16489835 16489835 522151 522151 16333979 16333979
S 1353237 8388608 8464523 0 1356278 12298240 0 0 1354986 2854912 2187 8462336 12882561 14078756 16776907 3116544 13224802 14904685 1470406 978000 16423292 978000 16423292 1703720 13300551 14356266 16540224 14893904 0 8380413 0 6353920 1152
V 64 64 64 64 74 0 30 64 11776 4
O 853 853 26530 26530 206160 206160 665057 665057 888761 888761 928741 928741 657111 657111 16703689 16703689 16392156 16392156 15717575 15717575 16035890 16035890 16425738 16425738 234101 234101 998002 998002 471081 471081 15930432 15930432
O 16016103 16016103 800076 800076 487864 487864 15837205 15837205 78961 78961 1153758 1153758 16539152 16539152 15776053 15776053 16126132 16126132 530509 530509 653051 653051 15895490 15895490 285031 285031 971558 971558 16109740 16109740 15867724 15867724
O 96089 96089 793749 793749 15971138 15971138 16220062 16220062 939346 939346 533154 533154 16031010 16031010 16641514 16641514 1230047 1230047 52378 52378 15932972 15932972 16758530 16758530 954697 954697 16153443 16153443 15775886 15775886 318566 318566
O 699243 699243 15991378 15991378 16239766 16239766 990311 990311 498482 498482 16044892 16044892 16640174 16640174 1234714 1234714 923 923 15929063 15929063 16775687 16775687 940748 940748 16099217 16099217 15803452 15803452 360160 360160 688350 688350
S 1359186 8388608 12620869 0 1350815 10485760 0 0 1358976 11589632 1093 12619776 8210035 578599 66 3613824 12519834 15854149 14680098 1411575 397236 1411575 397236 1508578 1244824 14784549 2065612 14705043 0 8388607 0 6353920 1152
V 64 64 64 64 74 127 30 64 23552 4
O 1707 1707 141061 141061 747184 747184 650919 650919 16409277 16409277 16065764 16065764 16653621 16653621 1225665 1225665 183736 183736 16026813 16026813 204715 204715 562354 562354 15911469 15911469 817605 817605 16392478 16392478 128016 128016
O 153911 153911 16406337 16406337 568861 568861 16467760 16467760 494162 494162 16461637 16461637 445380 445380 16593398 16593398 370404 370404 16656602 16656602 235164 235164 16709660 16709660 301927 301927 16763422 16763422 199882 199882 16699255 16699255
O 345025 345025 18173 18173 226729 226729 16670868 16670868 184473 184473 122800 122800 273201 273201 16759289 16759289 16736788 16736788 81786 81786 115031 115031 74671 74671 16752974 16752974 40522 40522 98573 98573 5448 5448
O 16689453 16689453 16609004 16609004 22815 22815 16775355 16775355 4858 4858 16557264 16557264 16664281 16664281 16747498 16747498 16774078 16774078 16609566 16609566 16578259 16578259 16681957 16681957 16681021 16681021 16673906 16673906 16562615 16562615 16687016 16687016
S 1353237 8388608 8464523 0 1358314 6291456 0 0 1356577 7962624 2187 8462336 12882561 11837152 16776650 10981376 13224802 309476 1997862 517304 14712598 517304 14712598 15662086 754331 539072 16540224 14855786 0 6586132 0 6353920 1152
V 64 64 64 64 74 80 0 64 11776 4
O 853 853 115623 115623 673773 673773 1064830 1064830 686917 686917 16526185 16526185 15692268 15692268 15959171 15959171 16214403 16214403 283202 283202 803683 803683 898189 898189 616257 616257 16119319 16119319 15728694 15728694 16638492 16638492
O 644743 644743 449524 449524 15832015 15832015 448311 448311 972258 972258 15923980 15923980 15900581 15900581 16657232 16657232 994038 994038 176969 176969 15893247 15893247 16698639 16698639 966156 966156 16112225 16112225 16128902 16128902 1161056 1161056
O 535785 535785 16056213 16056213 16372595 16372595 1168137 1168137 16617599 16617599 15892315 15892315 301782 301782 955801 955801 16665735 16665735 15744313 15744313 187243 187243 784417 784417 15834240 15834240 15964273 15964273 678457 678457 475162 475162
O 16213127 16213127 145221 145221 1423887 1423887 16623005 16623005 16308389 16308389 16378439 16378439 854212 854212 15779346 15779346 15805047 15805047 219492 219492 729902 729902 16280763 16280763 16158312 16158312 1414196 1414196 204432 204432 16248684 16248684
S 1359186 8388608 12620869 0 1359007 10485760 0 0 1352968 3033088 1093 12619776 8210035 11611209 0 0 12519834 15234136 63219 15604051 14706755 15604051 14706755 15902907 15537397 772151 2065612 15168597 0 8380413 0 6353920 1152
V 64 64 64 64 74 80 127 64 23552 4
O 1707 1707 144795 144795 692121 692121 341874 341874 16153628 16153628 16032825 16032825 16544432 16544432 1192645 1192645 193681 193681 15908634 15908634 16387657 16387657 739708 739708 16164952 16164952 2430 2430 317058 317058 16354116 16354116
O 700592 700592 16121357 16121357 686423 686423 16189347 16189347 548697 548697 15757912 15757912 437172 437172 16372744 16372744 214469 214469 16618045 16618045 67745 67745 16476248 16476248 97408 97408 16434889 16434889 169786 169786 16598017 16598017
O 16691025 16691025 16614780 16614780 200882 200882 16341910 16341910 171907 171907 16447607 16447607 174844 174844 16380059 16380059 16771389 16771389 16618879 16618879 16660124 16660124 169079 169079 16435201 16435201 419963 419963 16434351 16434351 144614 144614
O 16579975 16579975 626615 626615 16208881 16208881 403016 403016 16361004 16361004 225507 225507 16444576 16444576 76658 76658 78630 78630 87549 87549 16722750 16722750 78326 78326 16757610 16757610 21732 21732 16590173 16590173 16696697 16696697
S 1353237 8388608 8464523 0 1350122 6291456 0 0 1353946 5218304 2187 8462336 12882561 5256757 2546 12128960 13224802 14736235 225684 1970888 16520400 1970888 16520400 1951986 14503154 15472578 16540224 707876 0 8380413 0 6353920 1152
V 64 64 64 64 74 80 30 0 11776 4
O 853 853 115623 115623 672982 672982 1050252 1050252 644318 644318 16578597 16578597 15841416 15841416 15787238 15787238 15753896 15753896 16215078 16215078 35587 35587 463650 463650 975612 975612 947671 947671 195027 195027 15895601 15895601
O 16036577 16036577 767564 767564 370497 370497 15876234 15876234 16310612 16310612 969734 969734 785173 785173 16385890 16385890 15788381 15788381 16323245 16323245 649074 649074 483218 483218 15678539 15678539 395135 395135 1310690 1310690 54395 54395
O 16173372 16173372 16239366 16239366 976310 976310 79107 79107 15713724 15713724 16288892 16288892 864217 864217 385842 385842 15788110 15788110 16207877 16207877 608068 608068 599234 599234 15919495 15919495 15990533 15990533 703733 703733 618001 618001
O 16189993 16189993 16124953 16124953 1007381 1007381 817181 817181 16708108 16708108 15802932 15802932 866610 866610 918041 918041 16380879 16380879 16071416 16071416 16538029 16538029 987482 987482 16163201 16163201 15675128 15675128 16661402 16661402 796737 796737
S 1359186 8388608 12620869 0 1350815 10485760 0 0 1357635 15108096 1093 12619776 8210035 578599 66 3613824 12519834 625652 15692311 1473484 1832963 1473484 1832963 1443127 1743822 16575353 2065612 14705043 0 8380413 0 6353920 1152
V 64 64 64 64 74 80 30 127 23552 4
O 1707 1707 144795 144795 746402 746402 566096 566096 16290681 16290681 16085378 16085378 16770720 16770720 1251895 1251895 65912 65912 16064848 16064848 345772 345772 446259 446259 15960807 15960807 908599 908599 16264721 16264721 218350 218350
O 16768340 16768340 16542026 16542026 477128 477128 16470140 16470140 418722 418722 16540753 16540753 407914 407914 16610730 16610730 331416 331416 16749277 16749277 240432 240432 16764536 16764536 208593 208593 30428 30428 170966 170966 16776075 16776075
O 261200 261200 3929 3929 225127 225127 16683419 16683419 189826 189826 726 726 192633 192633 16670378 16670378 16702468 16702468 8309 8309 57108 57108 29519 29519 16699131 16699131 16749061 16749061 16679268 16679268 16736401 16736401
O 16632063 16632063 16614358 16614358 16699568 16699568 16722998 16722998 16701576 16701576 16509446 16509446 16738155 16738155 16670871 16670871 21324 21324 16634457 16634457 16691547 16691547 16650230 16650230 53646 53646 11074 11074 16742878 16742878 65201 65201
S 1353237 8388608 8464523 0 1358314 6291456 0 0 1358257 569344 2187 8462336 12882561 11837152 16776650 10981376 13224802 2084902 16723220 15264764 16168654 15264764 16168654 14814296 2223726 1026837 16540224 14855786 0 8380413 0 6353920 1152
V 100 90 110 50 64 64 64 64 11776 4
O 853 853 117378 117378 689335 689335 1050287 1050287 624912 624912 16608585 16608585 15591633 15591633 15987037 15987037 16539102 16539102 672939 672939 1211085 1211085 766415 766415 309350 309350 15835182 15835182 15906069 15906069 459341 459341
O 959752 959752 16173689 16173689 15822343 15822343 247184 247184 848237 848237 142030 142030 15730624 15730624 16727930 16727930 691289 691289 16164499 16164499 16299626 16299626 1274197 1274197 16569461 16569461 15826159 15826159 248797 248797 1099935 1099935
O 16301673 16301673 16103877 16103877 830399 830399 814140 814140 16287949 16287949 16068908 16068908 778881 778881 497012 497012 15687500 15687500 69808 69808 1013530 1013530 16210397 16210397 15908306 15908306 673585 673585 790815 790815 15914801 15914801
O 16417155 16417155 1069759 1069759 777187 777187 16519302 16519302 15993316 15993316 800147 800147 650355 650355 15817439 15817439 16562830 16562830 1068646 1068646 16714364 16714364 15788997 15788997 252914 252914 1032899 1032899 16636176 16636176 15829842 15829842
S 1356254 5767168 5405838 11534336 1352320 0 0 0 1352780 4880384 1093 12619776 9530801 7735207 1888 8024064 1780328 15526934 86676 14746148 14821140 14746148 14821140 14854732 14910205 2149540 13473076 1325684 12569684 8388603 16433536 6353920 1152
V 28 6 70 62 57 35 26 22 23552 4
O 1707 1707 81658 81658 445390 445390 824917 824917 1005336 1005336 901892 901892 6637 6637 15896033 15896033 16484408 16484408 1004063 1004063 84505 84505 15864465 15864465 307474 307474 49690 49690 15981504 15981504 759408 759408
O 16206738 16206738 262735 262735 16380251 16380251 138818 138818 16664798 16664798 94608 94608 16755184 16755184 16698531 16698531 219114 219114 16542149 16542149 226929 226929 16385422 16385422 147739 147739 16501122 16501122 69009 69009 16647666 16647666
O 196611 196611 76888 76888 16545481 16545481 264834 264834 16619186 16619186 43820 43820 16563878 16563878 251836 251836 16447111 16447111 296281 296281 16518615 16518615 251076 251076 16455740 16455740 304178 304178 16520834 16520834 353471 353471
O 16320497 16320497 389512 389512 16483912 16483912 325312 325312 16544698 16544698 261873 261873 16573504 16573504 32889 32889 16686120 16686120 99501 99501 16723150 16723150 16745916 16745916 9827 9827 16722198 16722198 85322 85322 48237 48237
S 1355458 7864320 823854 15728640 1358944 14155776 0 0 1355472 311296 2187 8462336 11553273 15718441 16777110 16583296 1390096 15856144 2088888 2088726 15647311 2088726 15647311 16242394 727770 15921172 13277960 13849094 12567944 8388607 16492985 6353920 1152
V 8 7 23 55 59 6 50 107 11776 4
O 853 853 27577 27577 223143 223143 744048 744048 1066910 1066910 907843 907843 691179 691179 167706 167706 16035668 16035668 15683187 15683187 16222808 16222808 398945 398945 578480 578480 15684656 15684656 15990698 15990698 400305 400305
O 988149 988149 16763443 16763443 16003623 16003623 922469 922469 422137 422137 15676782 15676782 16514280 16514280 952550 952550 112383 112383 15704544 15704544 104827 104827 1176761 1176761 156894 156894 15861112 15861112 16301236 16301236 893650 893650
O 144965 144965 15588204 15588204 16479752 16479752 797287 797287 439509 439509 15883903 15883903 16223867 16223867 912294 912294 579293 579293 15920638 15920638 16646887 16646887 1092038 1092038 234754 234754 15762702 15762702 16728819 16728819 1026800 1026800
O 16608612 16608612 15750867 15750867 356176 356176 715171 715171 15985438 15985438 16277668 16277668 1088392 1088392 104775 104775 15774108 15774108 375135 375135 973178 973178 16065525 16065525 16014306 16014306 824292 824292 568046 568046 15923709 15923709
S 1358151 9437184 1377243 2097152 1360113 15204352 0 0 1354179 1337344 1093 12619776 9439288 11520459 16776213 5925248 2447793 16174263 1398492 15078662 14866733 15078662 14866733 15066250 15074156 16473757 14716091 16128949 12568621 8388607 16486008 6353920 1152
V 114 71 1 40 108 87 71 39 11776 4
O 853 853 125444 125444 780963 780963 1095134 1095134 393908 393908 16521091 16521091 15749398 15749398 15898823 15898823 15837336 15837336 16644568 16644568 871666 871666 867342 867342 142872 142872 15685031 15685031 15933011 15933011 362169 362169
O 353341 353341 15696853 15696853 589994 589994 955523 955523 16280402 16280402 15887752 15887752 96292 96292 676323 676323 183330 183330 15934704 15934704 844673 844673 956184 956184 16112417 16112417 16614185 16614185 887874 887874 16606566 16606566
O 15978240 15978240 1008210 1008210 793 793 15882791 15882791 450046 450046 1161262 1161262 16329228 16329228 16262880 16262880 648602 648602 1914 1914 15871351 15871351 1160382 1160382 16168844 16168844 16142824 16142824 793795 793795 16163314 16163314
O 16313982 16313982 1432708 1432708 537846 537846 29485 29485 15934657 15934657 471291 471291 549672 549672 15544064 15544064 105778 105778 904948 904948 16158835 16158835 16459127 16459127 1089435 1089435 15874991 15874991 16623234 16623234 1019533 1019533
S 1359344 9961472 2502731 3145728 1350718 8388608 0 0 1359007 12994560 1093 12619776 3740510 1383391 374 11449920 3593246 478257 14734580 1868202 1549846 1868202 1549846 2069715 2008420 601092 1001060 125996 12575846 8353673 16432713 6353920 1152
V 86 26 23 97 24 91 88 67 11776 4
O 853 853 116610 116610 679929 679929 915732 915732 170928 170928 16412749 16412749 15811940 15811940 16083578 16083578 359359 359359 998467 998467 1061686 1061686 907289 907289 707698 707698 16347260 16347260 15782960 15782960 220359 220359
O 985336 985336 228537 228537 16129063 16129063 199844 199844 1004285 1004285 16429166 16429166 15845990 15845990 16676349 16676349 987544 987544 16136744 16136744 16066553 16066553 791301 791301 302748 302748 15821742 15821742 278115 278115 927274 927274
O 16084248 16084248 16413467 16413467 1170453 1170453 24714 24714 16007132 16007132 643890 643890 1081208 1081208 16468995 16468995 16056805 16056805 318939 318939 1262723 1262723 479845 479845 16525899 16525899 15915396 15915396 978549 978549 550617 550617
O 15932973 15932973 16044737 16044737 654118 654118 544896 544896 15754449 15754449 15926558 15926558 120993 120993 822201 822201 321494 321494 15634049 15634049 350749 350749 952049 952049 16494061 16494061 15702959 15702959 16644262 16644262 1073030 1073030
S 1351705 11272192 16186362 5767168 1354970 0 0 0 1356267 657408 1093 12619776 6072442 8221086 2759 12817408 13711337 1454325 160920 2351218 2020903 2351218 2020903 2204656 2087465 14934714 2661364 1829452 12595426 8322366 16437107 6353920 1152
V 117 31 96 20 75 92 49 17 11776 4
O 853 853 114928 114928 658871 658871 1084881 1084881 1010213 1010213 1053029 1053029 1024771 1024771 997617 997617 873714 873714 628239 628239 132060 132060 16396879 16396879 15764875 15764875 31587 31587 1042436 1042436 154169 154169
O 15995056 15995056 16163697 16163697 482733 482733 1041394 1041394 140413 140413 15800689 15800689 16462975 16462975 1078239 1078239 16468186 16468186 15729442 15729442 630359 630359 1097368 1097368 224948 224948 15914129 15914129 16010227 16010227 185540 185540
O 895987 895987 84357 84357 15865082 15865082 609164 609164 856509 856509 16240464 16240464 15850363 15850363 16505773 16505773 1042571 1042571 744466 744466 16233299 16233299 15971152 15971152 706436 706436 515496 515496 15736350 15736350 16510181 16510181
O 1101520 1101520 511131 511131 16140647 16140647 15902504 15902504 16632560 16632560 893301 893301 370909 370909 15877400 15877400 435050 435050 1156364 1156364 16699321 16699321 15806416 15806416 16186462 16186462 897822 897822 888303 888303 16762299 16762299
S 1356620 11141120 5698369 13893632 1355520 15204352 0 0 1359559 15845376 1093 12619776 69717 6451706 1205 16004736 15561664 15259530 14742980 16347921 16165589 16347921 16165589 16687938 29611 15512606 2884577 2436799 12688843 8312032 16434927 6353920 1152
V 58 74 20 59 25 97 71 116 23552 4
O 1707 1707 138569 138569 754717 754717 1081801 1081801 379065 379065 16118260 16118260 15771246 15771246 33056 33056 960821 960821 16553387 16553387 15855634 15855634 955191 955191 16770101 16770101 16200306 16200306 672483 672483 16173211 16173211
O 415727 415727 152292 152292 16748089 16748089 16747402 16747402 126693 126693 16490213 16490213 16764781 16764781 306610 306610 16276170 16276170 209707 209707 16432008 16432008 158137 158137 16207129 16207129 483816 483816 16719778 16719778 269037 269037
O 16524955 16524955 158474 158474 16355589 16355589 439068 439068 16195446 16195446 291737 291737 16632787 16632787 355460 355460 16501959 16501959 278164 278164 16685097 16685097 235892 235892 126935 126935 12706 12706 16500247 16500247 16738472 16738472
O 16650380 16650380 338677 338677 16470398 16470398 602655 602655 16101866 16101866 495837 495837 16264826 16264826 528113 528113 16576293 16576293 192881 192881 16660299 16660299 16715576 16715576 106059 106059 35504 35504 16383854 16383854 75156 75156
S 1351743 1048576 6163504 2097152 1351642 14155776 0 0 1356735 15228928 2187 8462336 10778007 8320707 2253 10224960 16375186 805413 1407230 768315 14645564 768315 14645564 381107 16696735 817945 16040422 1191539 12568160 8241337 16432745 6353920 1152
