V 60 80 60 80 60 80 98 64 11776 4
O 853 853 110207 110207 649505 649505 540681 540681 15762771 15762771 15986078 15986078 79280 79280 864542 864542 939255 939255 84903 84903 16555847 16555847 55208 55208 66807 66807 15574020 15574020 491862 491862 420278 420278
O 16689515 16689515 16433091 16433091 625458 625458 500562 500562 16650402 16650402 15827325 15827325 15885509 15885509 16052022 16052022 518668 518668 285129 285129 16033984 16033984 759020 759020 16621959 16621959 16185690 16185690 1400731 1400731 720034 720034
O 789397 789397 16690537 16690537 16286472 16286472 16774865 16774865 316070 316070 16048438 16048438 831655 831655 16600929 16600929 15271283 15271283 83743 83743 16734975 16734975 980988 980988 258367 258367 16381606 16381606 232985 232985 256069 256069
O 15892934 15892934 1142069 1142069 16235778 16235778 15858901 15858901 15854883 15854883 16132339 16132339 576528 576528 256106 256106 16068973 16068973 718581 718581 16669098 16669098 16135197 16135197 1463044 1463044 668253 668253 679534 679534 16608032 16608032
S 1356841 4194304 6310434 8388608 1356841 4194304 6310434 8388608 1356841 4194304 6310434 8388608 1359570 13981696 1093 12619776 7733338 7733338 7733338 16722591 14877627 16331375 15808721 16331375 15808721 16070492 29989 14894284 5268727 5268727 5268727 2467575 2467575 2467575 8380413 8380413 8380413
V 0 80 60 80 60 80 98 64 11776 4
O 853 853 110207 110207 643433 643433 854928 854928 98828 98828 290177 290177 456930 456930 407916 407916 960165 960165 740607 740607 595539 595539 16341216 16341216 506736 506736 1252893 1252893 291553 291553 201747 201747
O 16501622 16501622 733428 733428 16400914 16400914 16321984 16321984 248592 248592 16590057 16590057 16082114 16082114 16209501 16209501 679715 679715 16719725 16719725 16709895 16709895 16716615 16716615 354553 354553 1558946 1558946 260573 260573 752197 752197
O 16106751 16106751 16123015 16123015 16106321 16106321 1112918 1112918 16652693 16652693 16133063 16133063 547647 547647 16621522 16621522 1204426 1204426 1115691 1115691 788403 788403 1143017 1143017 16723968 16723968 16519834 16519834 30676 30676 218550 218550
O 108866 108866 15894715 15894715 15652495 15652495 16175957 16175957 15683182 15683182 200071 200071 756368 756368 16445911 16445911 15944976 15944976 1093252 1093252 16114314 16114314 608340 608340 16134078 16134078 15349682 15349682 16119800 16119800 15483717 15483717
S 1352865 4849664 197201 1310720 1356841 4194304 6310434 8388608 1356841 4194304 6310434 8388608 1352554 8357888 1093 12619776 3680598 7733338 7733338 14922505 14952729 14815990 14709476 14815990 14709476 14261632 14118806 2187719 3199237 5268727 5268727 2683187 2467575 2467575 8380413 8380413 8380413
V 127 80 60 80 60 80 98 64 23552 4
O 1707 1707 132988 132988 675593 675593 321546 321546 16002363 16002363 16448368 16448368 211249 211249 1097258 1097258 318574 318574 16612404 16612404 15980364 15980364 485653 485653 508118 508118 16360371 16360371 493818 493818 16713755 16713755
O 39709 39709 635935 635935 16180182 16180182 460664 460664 16277873 16277873 865051 865051 16351276 16351276 117052 117052 16739870 16739870 16250285 16250285 1055497 1055497 538227 538227 16321414 16321414 85023 85023 16713174 16713174 16239709 16239709
O 684510 684510 143983 143983 16487966 16487966 563391 563391 15931903 15931903 535570 535570 16247456 16247456 193855 193855 16646105 16646105 15588963 15588963 16645024 16645024 596947 596947 16504566 16504566 546974 546974 16764245 16764245 15719920 15719920
O 392326 392326 147570 147570 16324100 16324100 229609 229609 16514035 16514035 625613 625613 16412506 16412506 764455 764455 782267 782267 16706152 16706152 16261367 16261367 427936 427936 16188824 16188824 814665 814665 599402 599402 16076297 16076297
S 1352790 0 303660 0 1353866 12582912 4232261 8388608 1353866 12582912 4232261 8388608 1357180 13836288 2187 8462336 3458130 10539034 10539034 222474 1309428 15341817 14846039 15341817 14846039 15804109 14946650 4507986 3052683 12704847 12704847 2609361 14998432 14998432 8380413 8380413 8380413
V 60 0 60 80 60 80 98 64 11776 4
O 853 853 110207 110207 654823 654823 648665 648665 16021143 16021143 16333163 16333163 426782 426782 821265 821265 959078 959078 136975 136975 133460 133460 297482 297482 16443467 16443467 15846963 15846963 904675 904675 421459 421459
O 16719430 16719430 16679131 16679131 896590 896590 353398 353398 48938 48938 16118277 16118277 16165953 16165953 15880683 15880683 16455005 16455005 391544 391544 16631626 16631626 193552 193552 231380 231380 15847763 15847763 1499997 1499997 741331 741331
O 1076369 1076369 310758 310758 16450486 16450486 16591000 16591000 304189 304189 16155095 16155095 625513 625513 16216254 16216254 15781985 15781985 299794 299794 16773081 16773081 923921 923921 351084 351084 16616157 16616157 16759700 16759700 314795 314795
O 15939026 15939026 1253633 1253633 16412184 16412184 16173931 16173931 15996721 15996721 15892335 15892335 16494926 16494926 398009 398009 16617288 16617288 193220 193220 229513 229513 15930647 15930647 1584160 1584160 711512 711512 979005 979005 130096 130096
S 1356841 4194304 6310434 8388608 1356841 4194304 6310434 8388608 1356841 4194304 6310434 8388608 1359370 2463744 1093 12619776 7733338 7733338 7733338 198993 14940028 333817 16265893 333817 16265893 249584 270803 15823446 5268727 5268727 5268727 2467575 2467575 2467575 8388607 8380413 8380413
V 60 127 60 80 60 80 98 64 23552 4
O 1707 1707 132988 132988 675593 675593 321546 321546 16002363 16002363 16327807 16327807 16568629 16568629 1137647 1137647 661016 661016 16733104 16733104 406153 406153 846146 846146 15968901 15968901 374981 374981 16497313 16497313 16448391 16448391
O 16626404 16626404 170838 170838 321547 321547 16692251 16692251 293595 293595 15889669 15889669 800449 800449 16691713 16691713 201579 201579 168044 168044 16429862 16429862 16400507 16400507 837190 837190 16535655 16535655 16684078 16684078 16631928 16631928
O 468478 468478 16440447 16440447 692888 692888 16366350 16366350 16428236 16428236 297517 297517 402071 402071 16628842 16628842 473222 473222 16134290 16134290 16748110 16748110 569724 569724 16670591 16670591 16665199 16665199 32873 32873 167680 167680
O 16509344 16509344 674510 674510 16341285 16341285 16436548 16436548 232190 232190 500674 500674 16590429 16590429 519488 519488 16092762 16092762 110135 110135 442929 442929 16678974 16678974 16750395 16750395 98193 98193 16735269 16735269 16525580 16525580
S 1353866 12582912 4232261 8388608 1353866 12582912 4232261 8388608 1353866 12582912 4232261 8388608 1353210 14086144 2187 8462336 10539034 10539034 10539034 16358438 16344789 440745 2063310 440745 2063310 16767537 15780352 3548685 12704847 12704847 12704847 14998432 14998432 14998432 6586132 8380413 8380413
V 60 80 0 80 60 80 98 64 11776 4
O 853 853 110207 110207 643433 643433 854928 854928 98828 98828 290177 290177 456930 456930 407916 407916 960165 960165 740607 740607 595539 595539 16341216 16341216 506736 506736 1252893 1252893 291553 291553 201747 201747
O 16501622 16501622 733428 733428 16400914 16400914 16321984 16321984 248592 248592 16590057 16590057 16082114 16082114 16209501 16209501 679715 679715 16719725 16719725 16709895 16709895 16716615 16716615 354553 354553 1558946 1558946 260573 260573 752197 752197
O 16106751 16106751 16123015 16123015 16106321 16106321 1112918 1112918 16652693 16652693 16133063 16133063 547647 547647 16621522 16621522 1204426 1204426 1115691 1115691 788403 788403 1143017 1143017 16723968 16723968 16519834 16519834 30676 30676 218550 218550
O 108866 108866 15894715 15894715 15652495 15652495 16175957 16175957 15683182 15683182 200071 200071 756368 756368 16445911 16445911 15944976 15944976 1093252 1093252 16114314 16114314 608340 608340 16134078 16134078 15349682 15349682 16119800 16119800 15483717 15483717
S 1356841 4194304 6310434 8388608 1352865 4849664 197201 1310720 1356841 4194304 6310434 8388608 1352554 8357888 1093 12619776 7733338 3680598 7733338 14922505 14952729 14815990 14709476 14815990 14709476 14261632 14118806 2187719 5268727 3199237 5268727 2467575 2683187 2467575 8380413 8380413 8380413
V 60 80 127 80 60 80 98 64 23552 4
O 1707 1707 132988 132988 675593 675593 321546 321546 16002363 16002363 16448368 16448368 211249 211249 1097258 1097258 318574 318574 16612404 16612404 15980364 15980364 485653 485653 508118 508118 16360371 16360371 493818 493818 16713755 16713755
O 39709 39709 635935 635935 16180182 16180182 460664 460664 16277873 16277873 865051 865051 16351276 16351276 117052 117052 16739870 16739870 16250285 16250285 1055497 1055497 538227 538227 16321414 16321414 85023 85023 16713174 16713174 16239709 16239709
O 684510 684510 143983 143983 16487966 16487966 563391 563391 15931903 15931903 535570 535570 16247456 16247456 193855 193855 16646105 16646105 15588963 15588963 16645024 16645024 596947 596947 16504566 16504566 546974 546974 16764245 16764245 15719920 15719920
O 392326 392326 147570 147570 16324100 16324100 229609 229609 16514035 16514035 625613 625613 16412506 16412506 764455 764455 782267 782267 16706152 16706152 16261367 16261367 427936 427936 16188824 16188824 814665 814665 599402 599402 16076297 16076297
S 1353866 12582912 4232261 8388608 1352790 0 303660 0 1353866 12582912 4232261 8388608 1357180 13836288 2187 8462336 10539034 3458130 10539034 222474 1309428 15341817 14846039 15341817 14846039 15804109 14946650 4507986 12704847 3052683 12704847 14998432 2609361 14998432 8380413 8380413 8380413
V 60 80 60 0 60 80 98 64 11776 4
O 853 853 110207 110207 654823 654823 648665 648665 16021143 16021143 16333163 16333163 426782 426782 821265 821265 959078 959078 136975 136975 133460 133460 297482 297482 16443467 16443467 15846963 15846963 904675 904675 421459 421459
O 16719430 16719430 16679131 16679131 896590 896590 353398 353398 48938 48938 16118277 16118277 16165953 16165953 15880683 15880683 16455005 16455005 391544 391544 16631626 16631626 193552 193552 231380 231380 15847763 15847763 1499997 1499997 741331 741331
O 1076369 1076369 310758 310758 16450486 16450486 16591000 16591000 304189 304189 16155095 16155095 625513 625513 16216254 16216254 15781985 15781985 299794 299794 16773081 16773081 923921 923921 351084 351084 16616157 16616157 16759700 16759700 314795 314795
O 15939026 15939026 1253633 1253633 16412184 16412184 16173931 16173931 15996721 15996721 15892335 15892335 16494926 16494926 398009 398009 16617288 16617288 193220 193220 229513 229513 15930647 15930647 1584160 1584160 711512 711512 979005 979005 130096 130096
S 1356841 4194304 6310434 8388608 1356841 4194304 6310434 8388608 1356841 4194304 6310434 8388608 1359370 2463744 1093 12619776 7733338 7733338 7733338 198993 14940028 333817 16265893 333817 16265893 249584 270803 15823446 5268727 5268727 5268727 2467575 2467575 2467575 8380413 8388607 8380413
V 60 80 60 127 60 80 98 64 23552 4
O 1707 1707 132988 132988 675593 675593 321546 321546 16002363 16002363 16327807 16327807 16568629 16568629 1137647 1137647 661016 661016 16733104 16733104 406153 406153 846146 846146 15968901 15968901 374981 374981 16497313 16497313 16448391 16448391
O 16626404 16626404 170838 170838 321547 321547 16692251 16692251 293595 293595 15889669 15889669 800449 800449 16691713 16691713 201579 201579 168044 168044 16429862 16429862 16400507 16400507 837190 837190 16535655 16535655 16684078 16684078 16631928 16631928
O 468478 468478 16440447 16440447 692888 692888 16366350 16366350 16428236 16428236 297517 297517 402071 402071 16628842 16628842 473222 473222 16134290 16134290 16748110 16748110 569724 569724 16670591 16670591 16665199 16665199 32873 32873 167680 167680
O 16509344 16509344 674510 674510 16341285 16341285 16436548 16436548 232190 232190 500674 500674 16590429 16590429 519488 519488 16092762 16092762 110135 110135 442929 442929 16678974 16678974 16750395 16750395 98193 98193 16735269 16735269 16525580 16525580
S 1353866 12582912 4232261 8388608 1353866 12582912 4232261 8388608 1353866 12582912 4232261 8388608 1353210 14086144 2187 8462336 10539034 10539034 10539034 16358438 16344789 440745 2063310 440745 2063310 16767537 15780352 3548685 12704847 12704847 12704847 14998432 14998432 14998432 8380413 6586132 8380413
V 60 80 60 80 0 80 98 64 11776 4
O 853 853 110207 110207 643836 643836 1001858 1001858 800561 800561 1008143 1008143 1040889 1040889 999048 999048 699975 699975 167921 167921 766652 766652 16324998 16324998 15595959 15595959 291551 291551 582825 582825 869756 869756
O 16461223 16461223 673421 673421 854949 854949 15628898 15628898 15848332 15848332 16040717 16040717 15617415 15617415 16198248 16198248 172232 172232 263880 263880 16378151 16378151 16558648 16558648 15834966 15834966 626353 626353 48508 48508 979449 979449
O 16130719 16130719 96617 96617 1260484 1260484 619541 619541 36422 36422 16030380 16030380 473452 473452 99304 99304 618320 618320 1414914 1414914 582315 582315 1302354 1302354 16635477 16635477 16494025 16494025 71938 71938 130913 130913
O 63971 63971 15902714 15902714 15943550 15943550 16154076 16154076 16282215 16282215 765241 765241 15751692 15751692 16345184 16345184 759302 759302 805355 805355 16741484 16741484 16374996 16374996 132281 132281 15424730 15424730 16665896 16665896 15937996 15937996
S 1356841 4194304 6310434 8388608 1356841 4194304 6310434 8388608 1352865 4849664 197201 1310720 1353276 4888576 1093 12619776 7733338 7733338 3680598 14832320 15963476 15326658 15501151 15326658 15501151 15831959 14365593 1920476 5268727 5268727 3199237 2467575 2467575 2683187 8380413 8380413 8380413
V 60 80 60 80 127 80 98 64 23552 4
O 1707 1707 132988 132988 675593 675593 321546 321546 16009206 16009206 16421528 16421528 61855 61855 1010108 1010108 305886 305886 16622568 16622568 16113759 16113759 772836 772836 324215 324215 16735821 16735821 931552 931552 16449914 16449914
O 904799 904799 16545251 16545251 16599858 16599858 489046 489046 16501201 16501201 289992 289992 16651410 16651410 50649 50649 16698715 16698715 16170039 16170039 646436 646436 824024 824024 16306894 16306894 138081 138081 16682102 16682102 16650016 16650016
O 753782 753782 16249060 16249060 16435640 16435640 883048 883048 15860191 15860191 479614 479614 16342518 16342518 286307 286307 16144312 16144312 15714134 15714134 202291 202291 447412 447412 16528234 16528234 417101 417101 16304879 16304879 16346651 16346651
O 1078266 1078266 16422900 16422900 16488641 16488641 188053 188053 16434029 16434029 161863 161863 16500751 16500751 1181149 1181149 16381963 16381963 16227834 16227834 236809 236809 46758 46758 127414 127414 671742 671742 16055343 16055343 16060131 16060131
S 1353866 12582912 4232261 8388608 1353866 12582912 4232261 8388608 1352790 0 303660 0 1357703 10616832 2187 8462336 10539034 10539034 3458130 1575067 337132 16062324 15721265 16062324 15721265 15521267 15164825 4217875 12704847 12704847 3052683 14998432 14998432 2609361 8380413 8380413 8380413
V 60 80 60 80 60 0 98 64 11776 4
O 853 853 26530 26530 220600 220600 630944 630944 265976 265976 317240 317240 1070136 1070136 850714 850714 508152 508152 15962149 15962149 16143404 16143404 117069 117069 307110 307110 15583022 15583022 16518851 16518851 171313 171313
O 16740867 16740867 16025051 16025051 16726305 16726305 1126223 1126223 690938 690938 310264 310264 59583 59583 16385432 16385432 15852646 15852646 263458 263458 418730 418730 16415119 16415119 436798 436798 15396438 15396438 519669 519669 658171 658171
O 742514 742514 988189 988189 159116 159116 16180316 16180316 175704 175704 16676151 16676151 309506 309506 380524 380524 14867564 14867564 16585662 16585662 15811748 15811748 277308 277308 346246 346246 546350 546350 16104737 16104737 478586 478586
O 15836919 15836919 1102054 1102054 896128 896128 16668720 16668720 210252 210252 16028254 16028254 16100529 16100529 76756 76756 584088 584088 16267275 16267275 558392 558392 15334864 15334864 824802 824802 748187 748187 907873 907873 876816 876816
S 1356841 4194304 6310434 8388608 1356841 4194304 6310434 8388608 1356841 4194304 6310434 8388608 1358251 7145472 1093 12619776 7733338 7733338 7733338 1709603 16340989 1770338 1297645 1770338 1297645 2335835 1171430 15823446 5268727 5268727 5268727 2467575 2467575 2467575 8380413 8380413 8388607
V 60 80 60 80 60 127 98 64 23552 4
O 1707 1707 174343 174343 763085 763085 16732058 16732058 15471614 15471614 16526551 16526551 306357 306357 656542 656542 37446 37446 16763266 16763266 436929 436929 484470 484470 15718741 15718741 490220 490220 16055023 16055023 100951 100951
O 16776408 16776408 510401 510401 55266 55266 216844 216844 66432 66432 16358531 16358531 590487 590487 16503308 16503308 267413 267413 209351 209351 16419826 16419826 16641296 16641296 662982 662982 16430747 16430747 232132 232132 16709945 16709945
O 107392 107392 16598787 16598787 752293 752293 16250882 16250882 29669 29669 137102 137102 257532 257532 16628582 16628582 525576 525576 16150405 16150405 284664 284664 223605 223605 16673095 16673095 136069 136069 172218 172218 16477516 16477516
O 47440 47440 640183 640183 16311002 16311002 16686484 16686484 181844 181844 327475 327475 16608078 16608078 514733 514733 16188862 16188862 412038 412038 24464 24464 16724934 16724934 182988 182988 243733 243733 16241776 16241776 159274 159274
S 1353866 12582912 4232261 8388608 1353866 12582912 4232261 8388608 1353866 12582912 4232261 8388608 1354019 15544320 2187 8462336 10539034 10539034 10539034 15241602 841470 1480952 2322836 1480952 2322836 388300 248796 3548685 12704847 12704847 12704847 14998432 14998432 14998432 8380413 8380413 6586132
V 60 80 60 80 60 80 0 64 11776 4
O 853 853 26946 26946 153202 153202 392765 392765 686728 686728 956955 956955 1030144 1030144 737066 737066 38449 38449 16024165 16024165 15764018 15764018 16457026 16457026 766411 766411 886126 886126 16459760 16459760 15778904 15778904
O 189739 189739 994767 994767 16401692 16401692 15841588 15841588 591044 591044 798718 798718 16024988 16024988 16130514 16130514 892859 892859 456691 456691 15793370 15793370 16520288 16520288 1039048 1039048 42215 42215 15731257 15731257 168679 168679
O 1013357 1013357 16403829 16403829 15839319 15839319 558469 558469 828492 828492 16055483 16055483 16090505 16090505 855238 855238 520854 520854 15820569 15820569 16441091 16441091 1020895 1020895 141895 141895 15729261 15729261 55667 55667 1037296 1037296
O 16527693 16527693 15786312 15786312 434031 434031 910443 910443 16175139 16175139 15977139 15977139 748111 748111 664344 664344 15909336 15909336 16268822 16268822 958992 958992 336917 336917 15758069 15758069 16621434 16621434 1046858 1046858 16748717 16748717
S 1356841 4194304 6310434 8388608 1356841 4194304 6310434 8388608 1356841 4194304 6310434 8388608 1359456 3098624 1093 12619776 7733338 7733338 7733338 14850353 14864991 16396379 15700153 16396379 15700153 16718093 16722344 16722446 16765756 16765756 16765756 16748196 16748196 16748196 8380413 8380413 8380413
V 60 80 60 80 60 80 127 64 23552 4
O 1707 1707 173811 173811 714535 714535 16704301 16704301 16106961 16106961 85162 85162 16444378 16444378 912527 912527 59888 59888 316434 316434 1193477 1193477 315709 315709 16461947 16461947 790299 790299 416645 416645 440455 440455
O 1197392 1197392 16268596 16268596 16571238 16571238 424039 424039 319272 319272 15938717 15938717 560676 560676 16566736 16566736 77297 77297 304282 304282 16496179 16496179 16472011 16472011 16608230 16608230 16460598 16460598 604396 604396 395309 395309
O 15792671 15792671 158797 158797 64396 64396 464935 464935 16113877 16113877 450556 450556 16385520 16385520 181237 181237 450230 450230 16401497 16401497 16305434 16305434 104748 104748 16283902 16283902 735162 735162 231533 231533 15947200 15947200
O 5662 5662 52647 52647 348046 348046 16498854 16498854 190820 190820 16322862 16322862 203922 203922 607814 607814 16300074 16300074 16212968 16212968 320069 320069 16164819 16164819 810742 810742 91987 91987 16097839 16097839 16650455 16650455
S 1353866 12582912 4232261 8388608 1353866 12582912 4232261 8388608 1353866 12582912 4232261 8388608 1356063 9969664 2187 8462336 10539034 10539034 10539034 2092101 47865 16491452 14499080 16491452 14499080 15270827 999346 6939173 10647926 10647926 10647926 11728525 11728525 11728525 8380413 8380413 8380413
V 60 80 60 80 60 80 98 0 11776 4
O 853 853 110207 110207 649505 649505 540681 540681 15762771 15762771 15986078 15986078 79280 79280 864542 864542 939255 939255 84903 84903 16555847 16555847 55208 55208 66807 66807 15574020 15574020 491862 491862 420278 420278
O 16689515 16689515 16433091 16433091 625458 625458 500562 500562 16650402 16650402 15827325 15827325 15885509 15885509 16052022 16052022 518668 518668 285129 285129 16033984 16033984 759020 759020 16621959 16621959 16185690 16185690 1400731 1400731 720034 720034
O 789397 789397 16690537 16690537 16286472 16286472 16774865 16774865 316070 316070 16048438 16048438 831655 831655 16600929 16600929 15271283 15271283 83743 83743 16734975 16734975 980988 980988 258367 258367 16381606 16381606 232985 232985 256069 256069
O 15892934 15892934 1142069 1142069 16235778 16235778 15858901 15858901 15854883 15854883 16132339 16132339 576528 576528 256106 256106 16068973 16068973 718581 718581 16669098 16669098 16135197 16135197 1463044 1463044 668253 668253 679534 679534 16608032 16608032
S 1356841 4194304 6310434 8388608 1356841 4194304 6310434 8388608 1356841 4194304 6310434 8388608 1359570 13981696 1093 12619776 7733338 7733338 7733338 16722591 14877627 16331375 15808721 16331375 15808721 16070492 29989 14894284 5268727 5268727 5268727 2467575 2467575 2467575 8380413 8380413 8380413
V 60 80 60 80 60 80 98 127 23552 4
O 1707 1707 132988 132988 675593 675593 321546 321546 16002363 16002363 16361118 16361118 16706985 16706985 994102 994102 44828 44828 16573885 16573885 676195 676195 16756260 16756260 16033343 16033343 731991 731991 16711567 16711567 16761231 16761231
O 16713868 16713868 16091544 16091544 537651 537651 16463920 16463920 370893 370893 15879321 15879321 809557 809557 54183 54183 16714919 16714919 399392 399392 16653349 16653349 16309420 16309420 592677 592677 2683 2683 16319976 16319976 141180 141180
O 654695 654695 16556051 16556051 360326 360326 16719316 16719316 16156468 16156468 667702 667702 140312 140312 16685588 16685588 462033 462033 16425147 16425147 16306046 16306046 713927 713927 16669107 16669107 16453565 16453565 174897 174897 653369 653369
O 16471357 16471357 472122 472122 16634663 16634663 16227680 16227680 640900 640900 167315 167315 16680977 16680977 470842 470842 16297502 16297502 16376209 16376209 752541 752541 16616456 16616456 16576980 16576980 254704 254704 530714 530714 16456020 16456020
S 1353866 12582912 4232261 8388608 1353866 12582912 4232261 8388608 1353866 12582912 4232261 8388608 1353835 10760192 2187 8462336 10539034 10539034 10539034 15725963 408456 15965823 2209891 15965823 2209891 16611078 15658572 3744457 12704847 12704847 12704847 14998432 14998432 14998432 8380413 8380413 8380413
V 15 100 64 30 90 64 64 64 11776 4
O 853 853 26530 26530 153269 153269 415927 415927 765233 765233 1015412 1015412 709863 709863 16449505 16449505 15694476 15694476 15970488 15970488 16708936 16708936 834692 834692 927985 927985 16675556 16675556 15803125 15803125 16263044 16263044
O 830472 830472 662111 662111 15985597 15985597 16007455 16007455 677400 677400 843403 843403 16260185 16260185 15781635 15781635 249489 249489 1009396 1009396 16766897 16766897 15699565 15699565 16656676 16656676 1008057 1008057 88407 88407 15727281 15727281
O 131721 131721 970613 970613 16297706 16297706 15943125 15943125 802227 802227 449344 449344 15746698 15746698 16619890 16619890 1037283 1037283 16748395 16748395 15704657 15704657 16739665 16739665 1032524 1032524 116089 116089 15720918 15720918 16629345 16629345
O 1013035 1013035 16724700 16724700 15755004 15755004 421987 421987 812237 812237 15928618 15928618 16338413 16338413 1030439 1030439 16720218 16720218 15711481 15711481 305291 305291 979271 979271 16394598 16394598 15778574 15778574 327396 327396 974277 974277
S 1356421 2621440 788804 5242880 1358131 9437184 7888043 2097152 1356391 2097152 15776086 4194304 1357604 12965888 1093 12619776 8135889 11497615 8571664 452723 15616028 1901419 1479248 1901419 1479248 1998171 1898937 16364408 875744 16174149 15902738 118328 16637326 16618808 8180612 8388607 8388603
V 97 85 59 42 98 72 70 98 11776 4
O 853 853 38636 38636 252097 252097 682855 682855 1015424 1015424 634830 634830 16309465 16309465 15705594 15705594 16202612 16202612 16652162 16652162 215597 215597 688787 688787 942442 942442 1008595 1008595 543803 543803 16609489 16609489
O 15892694 15892694 15750685 15750685 16054674 16054674 16748171 16748171 790015 790015 304029 304029 15705569 15705569 30941 30941 1044786 1044786 56736 56736 15977344 15977344 639386 639386 958798 958798 16021409 16021409 16397925 16397925 877649 877649
O 69600 69600 15542580 15542580 16750170 16750170 739443 739443 16455163 16455163 15565415 15565415 536640 536640 594803 594803 16175029 16175029 16179534 16179534 1197391 1197391 383486 383486 16149427 16149427 16520736 16520736 1357970 1357970 19277 19277
O 16044684 16044684 110296 110296 1046568 1046568 15993659 15993659 15982876 15982876 365826 365826 700220 700220 15701539 15701539 16101109 16101109 620204 620204 388755 388755 15713667 15713667 16776703 16776703 1070756 1070756 10242 10242 15925385 15925385
S 1353360 6291456 5309304 12582912 1356841 4194304 6310434 8388608 1353360 6291456 5309304 12582912 1353516 5105664 1093 12619776 4786073 7733338 4786073 174597 1513247 14779883 15537093 14779883 15537093 15164876 14982235 15444884 834780 1363321 834780 140805 370116 140805 8364316 8388607 8388091
V 63 4 112 39 38 81 42 65 11776 4
O 853 853 31792 31792 190443 190443 475833 475833 782421 782421 1018122 1018122 969384 969384 507729 507729 16480539 16480539 15814672 15814672 15953968 15953968 203597 203597 1014549 1014549 375395 375395 15884448 15884448 16261325 16261325
O 907723 907723 327318 327318 15741382 15741382 38655 38655 1022418 1022418 16354659 16354659 15914902 15914902 745365 745365 582069 582069 15809570 15809570 16572341 16572341 1050355 1050355 16583468 16583468 15805980 15805980 572557 572557 755619 755619
O 15918499 15918499 16349913 16349913 1021045 1021045 43564 43564 15738354 15738354 341296 341296 911471 911471 16101529 16101529 16107543 16107543 914307 914307 340671 340671 15739092 15739092 17383 17383 1028417 1028417 16403426 16403426 15872153 15872153
O 675925 675925 679800 679800 15878694 15878694 16392116 16392116 1027361 1027361 61227 61227 15736104 15736104 268521 268521 963389 963389 16215561 16215561 15987351 15987351 799282 799282 552687 552687 15812631 15812631 16505382 16505382 1040364 1040364
S 1356841 4194304 6310434 8388608 1358071 8388608 4308175 0 1354260 10485760 3155217 4194304 1357369 530432 1093 12619776 7733338 11032662 6986912 991731 16026134 2088954 1913046 2088954 1913046 2079120 2082338 76661 199589 16615233 199707 16767259 16737886 12870 8388607 8388607 8378162
V 30 8 110 72 55 18 92 121 11776 4
O 853 853 26530 26530 193576 193576 707910 707910 1087533 1087533 663868 663868 70738 70738 16015877 16015877 15686435 15686435 16030527 16030527 139764 139764 1151946 1151946 568720 568720 16677877 16677877 15927577 15927577 16006155 16006155
O 574908 574908 354495 354495 16073228 16073228 904629 904629 16526408 16526408 15908538 15908538 1166093 1166093 331169 331169 16033824 16033824 16194356 16194356 952143 952143 37102 37102 15690724 15690724 242123 242123 1044704 1044704 16506466 16506466
O 15894008 15894008 666178 666178 724350 724350 15774469 15774469 16198920 16198920 755785 755785 552001 552001 15752619 15752619 16622734 16622734 1091595 1091595 183496 183496 15824334 15824334 16703349 16703349 1004637 1004637 16330824 16330824 15846379 15846379
O 558856 558856 771958 771958 16117520 16117520 16248245 16248245 1069233 1069233 198828 198828 15757899 15757899 16565495 16565495 991025 991025 16716208 16716208 15680973 15680973 319615 319615 1022406 1022406 16537992 16537992 15817442 15817442 538883 538883
S 1355340 14942208 1972010 13107200 1352910 4194304 14774956 8388608 1352100 1572864 5521630 3145728 1356225 15198208 1093 12619776 8509800 13367515 1268440 2030880 983893 1456551 1978238 1456551 1978238 1129805 1025729 389417 12732474 15094655 1336006 15532199 15656436 1276443 8388607 8388091 8388607
V 4 31 25 36 45 13 68 81 11776 4
O 853 853 26530 26530 149220 149220 381649 381649 675332 675332 953585 953585 1033916 1033916 759495 759495 89017 89017 16068929 16068929 15757048 15757048 16398582 16398582 721693 721693 932872 932872 16588428 16588428 15758952 15758952
O 16759076 16759076 1025076 1025076 16645209 16645209 15758160 15758160 385903 385903 926264 926264 16189021 16189021 15960796 15960796 729680 729680 666473 666473 15907572 15907572 16315355 16315355 1001645 1001645 237461 237461 15741130 15741130 16727956 16727956
O 1038324 1038324 16582291 16582291 15777392 15777392 450717 450717 904424 904424 16159311 16159311 15992361 15992361 758287 758287 613775 613775 15851417 15851417 16390023 16390023 1018141 1018141 193300 193300 15742612 15742612 6635 6635 1037602 1037602
O 16509429 16509429 15793351 15793351 482740 482740 885672 885672 16143403 16143403 16020686 16020686 803902 803902 570661 570661 15829286 15829286 16397521 16397521 1002789 1002789 202086 202086 15740641 15740641 41195 41195 1043159 1043159 16490480 16490480
S 1352865 4849664 197201 1310720 1352970 5242880 1577608 10485760 1359001 13107200 3944021 9437184 1359767 4741120 1093 12619776 3680598 12813282 2800465 14706565 15125246 15894315 15289992 15894315 15289992 16200415 16207076 16725267 667681 16270482 289359 264304 16726520 16716091 8388607 8388607 8388607
V 6 46 111 14 77 102 37 27 11776 4
O 853 853 33241 33241 201663 201663 500764 500764 807611 807611 1027321 1027321 949143 949143 460550 460550 16433799 16433799 15800641 15800641 15980796 15980796 251980 251980 1022099 1022099 308916 308916 15850348 15850348 16331363 16331363
O 940470 940470 224992 224992 15726759 15726759 177961 177961 985270 985270 16235787 16235787 16007567 16007567 842893 842893 428512 428512 15744806 15744806 16767279 16767279 1038537 1038537 16427324 16427324 15858068 15858068 645432 645432 697711 697711
O 15887427 15887427 16408424 16408424 1038414 1038414 16761973 16761973 15739853 15739853 346628 346628 929605 929605 16164729 16164729 16035845 16035845 846326 846326 456913 456913 15765032 15765032 16666218 16666218 1053748 1053748 16575161 16575161 15783182 15783182
O 460486 460486 863941 863941 16069647 16069647 16130610 16130610 921001 921001 353154 353154 15741659 15741659 16713606 16713606 1047327 1047327 16587042 16587042 15782868 15782868 450165 450165 865771 865771 16061885 16061885 16123708 16123708 911538 911538
S 1354050 9699328 394402 2621440 1352910 4194304 14774956 8388608 1352520 3145728 11043260 6291456 1356774 2557952 1093 12619776 6614797 13367515 2507711 1668351 159336 1967576 2100090 1967576 2100090 1824415 1821738 9836 114888 16713975 62863 16761093 16763381 7385 8388607 8388607 8130979
V 104 5 126 101 58 5 21 34 11776 4
O 853 853 26530 26530 149943 149943 385057 385057 676601 676601 948614 948614 1033706 1033706 761989 761989 82128 82128 16060279 16060279 15753588 15753588 16392196 16392196 712425 712425 927085 927085 16552290 16552290 15762659 15762659
O 75007 75007 1020586 1020586 16537407 16537407 15779995 15779995 447056 447056 900687 900687 16167220 16167220 15985379 15985379 763830 763830 645211 645211 15897029 15897029 16291455 16291455 971633 971633 306678 306678 15751696 15751696 16653818 16653818
O 1048949 1048949 16712669 16712669 15740621 15740621 246369 246369 994122 994122 16356725 16356725 15856681 15856681 579324 579324 821107 821107 16056538 16056538 16079688 16079688 839335 839335 555016 555016 15843534 15843534 16380522 16380522 1000630 1000630
O 227721 227721 15738011 15738011 16724948 16724948 1047868 1047868 16652627 16652627 15750402 15750402 298632 298632 976003 976003 16312368 16312368 15880585 15880585 618440 618440 790169 790169 16022382 16022382 16118132 16118132 869898 869898 506229 506229
S 1355941 0 8464522 0 1352010 0 151828 0 1352100 1572864 5521630 3145728 1358768 10340352 1093 12619776 8386808 16429880 1268440 15532717 14691716 715855 16758687 715855 16758687 1010653 1014266 16731142 45908 7825 56763 16758605 16776795 46184 8388607 8156772 8388607
