V 60 64 80 30 80 64 98 64 11776 4
O 853 853 46087 46087 424973 424973 1044553 1044553 1026880 1026880 680045 680045 122414 122414 16568970 16568970 16378028 16378028 15842443 15842443 16665512 16665512 972488 972488 157723 157723 15771985 15771985 16613896 16613896 1242411 1242411
O 351454 351454 16057158 16057158 85751 85751 764835 764835 15580805 15580805 282007 282007 929650 929650 15875352 15875352 98502 98502 1244420 1244420 16235642 16235642 15980056 15980056 16714852 16714852 823478 823478 16069089 16069089 16203411 16203411
O 769219 769219 16746288 16746288 16121265 16121265 984011 984011 789315 789315 16118392 16118392 16179558 16179558 793602 793602 161228 161228 15499661 15499661 851181 851181 199394 199394 15790048 15790048 763622 763622 1051154 1051154 16559900 16559900
O 16109240 16109240 268299 268299 677323 677323 15734814 15734814 16716331 16716331 677701 677701 16185009 16185009 16321479 16321479 1360849 1360849 406261 406261 16200131 16200131 16371391 16371391 1276133 1276133 16256900 16256900 16120073 16120073 733788 733788
S 1353810 8388608 12620869 0 1356096 0 1357874 12482560 1093 12619776 10784476 11283405 16776587 4751744 14662836 65627 15466465 1333388 1983271 1333388 1983271 1263307 1671848 1073974 12851044 14268797 8380413
V 0 64 80 30 80 64 98 64 11776 4
O 853 853 40502 40502 380155 380155 1038074 1038074 1002859 1002859 694662 694662 740516 740516 795793 795793 738717 738717 16281588 16281588 16159272 16159272 911498 911498 894088 894088 396460 396460 16478173 16478173 15734817 15734817
O 16511599 16511599 333915 333915 16158146 16158146 1113397 1113397 648789 648789 16350596 16350596 16240336 16240336 16617645 16617645 253133 253133 15568717 15568717 890693 890693 680431 680431 670658 670658 15930837 15930837 16757690 16757690 708725 708725
O 15786421 15786421 16232447 16232447 942401 942401 920880 920880 91404 91404 16135799 16135799 560039 560039 16368871 16368871 15407503 15407503 115892 115892 209049 209049 813150 813150 16132024 16132024 849689 849689 534404 534404 15883774 15883774
O 16047582 16047582 51731 51731 1055044 1055044 16293581 16293581 16494856 16494856 1080333 1080333 16360084 16360084 15550860 15550860 16182552 16182552 164901 164901 359939 359939 16137947 16137947 1459015 1459015 688218 688218 85656 85656 16036184 16036184
S 1353810 8388608 12620869 0 1353866 0 1354429 15841280 1093 12619776 10784476 5595200 640 5365760 14662836 15779574 963700 15179998 14855767 15179998 14855767 15800156 14790150 3119581 12851044 602808 8380413
V 127 64 80 30 80 64 98 64 11776 4
O 853 853 32075 32075 234361 234361 674283 674283 793069 793069 932541 932541 916859 916859 359966 359966 152139 152139 15857165 15857165 15656738 15656738 15938762 15938762 2187 2187 1193872 1193872 143017 143017 15637799 15637799
O 16040031 16040031 513957 513957 402290 402290 15705418 15705418 464081 464081 1135735 1135735 16628550 16628550 15975559 15975559 259154 259154 1285902 1285902 16728323 16728323 16123368 16123368 16394788 16394788 1127399 1127399 16323920 16323920 15756617 15756617
O 16291072 16291072 751769 751769 359632 359632 15650629 15650629 16303980 16303980 760575 760575 435129 435129 15792877 15792877 16322972 16322972 843848 843848 718396 718396 16349453 16349453 16197508 16197508 1297976 1297976 601663 601663 16404620 16404620
O 15936686 15936686 578747 578747 854983 854983 16058599 16058599 16025553 16025553 423015 423015 838514 838514 15855793 15855793 15910836 15910836 40895 40895 853587 853587 16148366 16148366 15994853 15994853 618582 618582 898053 898053 16772469 16772469
S 1353810 8388608 12620869 0 1354240 0 1352015 5748736 1093 12619776 10784476 8274810 946 16388864 14662836 14686420 15038037 16476516 15802211 16476516 15802211 16621024 137204 15213341 12851044 2896298 8380413
V 60 0 80 30 80 64 98 64 11776 4
O 853 853 21468 21468 63339 63339 400400 400400 660670 660670 644466 644466 1118975 1118975 769232 769232 911989 911989 734684 734684 191641 191641 16034049 16034049 16073492 16073492 893198 893198 896025 896025 16400625 16400625
O 16194915 16194915 16227116 16227116 471663 471663 321267 321267 15678443 15678443 153050 153050 780494 780494 16285838 16285838 16158943 16158943 1023988 1023988 873336 873336 602381 602381 16154087 16154087 16102591 16102591 1061122 1061122 534964 534964
O 15869875 15869875 16651979 16651979 1005903 1005903 16519721 16519721 15676282 15676282 16034051 16034051 282343 282343 880975 880975 16050360 16050360 16043479 16043479 692481 692481 377166 377166 15540254 15540254 16682013 16682013 736279 736279 777088 777088
O 325627 325627 15825195 15825195 16746478 16746478 1082615 1082615 16695368 16695368 16105476 16105476 641019 641019 882972 882972 16400989 16400989 16054087 16054087 16044783 16044783 1061964 1061964 341082 341082 15773104 15773104 16471357 16471357 1093654 1093654
S 1353810 8388608 12620869 0 1354992 0 1358088 3696640 1093 12619776 10784476 8079569 924 10624896 14662836 130670 15210308 2068227 1776840 2068227 1776840 2177594 2197024 13137513 12851044 1683508 8380413
V 60 127 80 30 80 64 98 64 11776 4
O 853 853 26092 26092 60740 60740 162286 162286 635216 635216 687017 687017 16373740 16373740 16466610 16466610 143017 143017 15830520 15830520 322307 322307 910404 910404 598458 598458 343607 343607 15930499 15930499 599890 599890
O 969914 969914 84710 84710 16469280 16469280 530332 530332 16583801 16583801 15654138 15654138 16738190 16738190 292283 292283 16185914 16185914 15448170 15448170 717922 717922 198005 198005 16317687 16317687 16334417 16334417 1279191 1279191 16759510 16759510
O 16274939 16274939 45961 45961 1360638 1360638 16357699 16357699 16174235 16174235 533120 533120 1193912 1193912 16203243 16203243 16385908 16385908 986750 986750 626411 626411 16124459 16124459 16587842 16587842 761366 761366 16439696 16439696 15571428 15571428
O 16753873 16753873 343221 343221 16188909 16188909 15349749 15349749 255056 255056 205893 205893 16602724 16602724 16344661 16344661 1344438 1344438 79365 79365 24998 24998 16702189 16702189 1758820 1758820 16516675 16516675 16535962 16535962 16761239 16761239
S 1353810 8388608 12620869 0 1355902 12582912 1355994 817152 1093 12619776 10784476 70773 8 1666432 14662836 1028258 557688 953384 2293065 953384 2293065 16458154 255155 15318029 12851044 1288249 8380413
V 60 64 0 30 80 64 98 64 11776 4
O 853 853 26530 26530 208858 208858 676313 676313 893399 893399 941580 941580 739016 739016 121747 121747 16607070 16607070 15699480 15699480 16058890 16058890 15026 15026 736760 736760 467419 467419 15897602 15897602 16256541 16256541
O 547260 547260 410939 410939 15994027 15994027 615167 615167 665023 665023 15677005 15677005 16326531 16326531 635609 635609 227518 227518 15424062 15424062 212702 212702 771946 771946 73273 73273 15750007 15750007 905385 905385 853124 853124
O 16462969 16462969 16000467 16000467 837045 837045 476492 476492 15717921 15717921 16307655 16307655 670727 670727 179019 179019 15446387 15446387 275228 275228 785383 785383 41145 41145 15773956 15773956 934033 934033 838651 838651 16433798 16433798
O 16012731 16012731 829915 829915 451170 451170 15684211 15684211 16336343 16336343 674356 674356 151508 151508 15458172 15458172 347838 347838 789618 789618 14264 14264 15794591 15794591 963776 963776 819908 819908 16405505 16405505 16024214 16024214
S 1353810 8388608 12620869 0 1356096 0 1354915 11778048 1093 12619776 10784476 11283405 16776587 4751744 14662836 1307636 2071208 15365243 16070794 15365243 16070794 15461902 15080522 16284399 12851044 14268797 8388607
V 60 64 127 30 80 64 98 64 11776 4
O 853 853 45025 45025 413942 413942 1029157 1029157 1031056 1031056 706075 706075 162223 162223 16587149 16587149 16390055 16390055 15830263 15830263 16628577 16628577 939826 939826 228584 228584 15790609 15790609 16492001 16492001 1252858 1252858
O 454789 454789 16086947 16086947 2757 2757 835589 835589 15590065 15590065 74372 74372 1019919 1019919 15980324 15980324 16672849 16672849 1305957 1305957 16546408 16546408 15987480 15987480 16558653 16558653 855087 855087 16286872 16286872 15957564 15957564
O 674660 674660 262018 262018 15884095 15884095 690266 690266 1132674 1132674 16361788 16361788 16103616 16103616 577010 577010 556657 556657 15436071 15436071 408113 408113 484235 484235 15942016 15942016 16703485 16703485 1189759 1189759 345009 345009
O 16163154 16163154 16508862 16508862 1130547 1130547 16220752 16220752 16011178 16011178 802292 802292 16723447 16723447 15528341 15528341 712497 712497 768958 768958 16751168 16751168 15933098 15933098 891828 891828 503017 503017 16003379 16003379 16684792 16684792
S 1353810 8388608 12620869 0 1356096 0 1356441 9230336 1093 12619776 10784476 11283405 16776587 4751744 14662836 1927999 917382 16697684 1200724 16697684 1200724 16676612 16508125 738518 12851044 14268797 6586132
V 60 64 80 0 80 64 98 64 11776 4
O 853 853 46087 46087 426015 426015 1054311 1054311 966409 966409 349105 349105 16504402 16504402 16521416 16521416 16662985 16662985 15929368 15929368 15653815 15653815 16277185 16277185 564368 564368 266897 266897 15629524 15629524 717739 717739
O 996713 996713 16776430 16776430 15916162 15916162 275348 275348 1115704 1115704 16412151 16412151 15997365 15997365 697981 697981 16702508 16702508 15628217 15628217 1071186 1071186 746664 746664 251674 251674 15716956 15716956 16518363 16518363 907961 907961
O 227510 227510 15885377 15885377 923302 923302 16641456 16641456 15347906 15347906 16615916 16615916 493337 493337 869989 869989 15986857 15986857 15993562 15993562 607339 607339 255444 255444 15823926 15823926 1318098 1318098 537529 537529 16243004 16243004
O 15951761 15951761 16747478 16747478 1186851 1186851 47319 47319 15916697 15916697 493836 493836 231818 231818 15451501 15451501 608267 608267 834138 834138 519703 519703 15940362 15940362 16033743 16033743 762672 762672 434087 434087 15997125 15997125
S 1353810 8388608 12620869 0 1356096 0 1354980 641024 1093 12619776 10784476 14738951 0 0 14662836 1362370 2095106 15368666 15205971 15368666 15205971 15507704 14926365 1294098 12851044 14305531 8380413
V 60 64 80 127 80 64 98 64 11776 4
O 853 853 46087 46087 440983 440983 1090863 1090863 893801 893801 86375 86375 15994353 15994353 15647502 15647502 16119560 16119560 383759 383759 1165610 1165610 740494 740494 167983 167983 15925464 15925464 16574239 16574239 1224955 1224955
O 194458 194458 16246909 16246909 490068 490068 16601478 16601478 16155968 16155968 1364022 1364022 16619699 16619699 16033639 16033639 232483 232483 935387 935387 15848062 15848062 16340274 16340274 603445 603445 16732127 16732127 15534996 15534996 562909 562909
O 1016455 1016455 304330 304330 15942052 15942052 393624 393624 1412378 1412378 343609 343609 16277494 16277494 16142126 16142126 1045101 1045101 18524 18524 15952446 15952446 619460 619460 442745 442745 15384244 15384244 16377994 16377994 343064 343064
O 788468 788468 15797344 15797344 125022 125022 1162626 1162626 16556444 16556444 15985023 15985023 345638 345638 867562 867562 15773788 15773788 16278423 16278423 515530 515530 545992 545992 15570641 15570641 16759037 16759037 1096352 1096352 387140 387140
S 1353810 8388608 12620869 0 1356096 0 1359535 6948864 1093 12619776 10784476 8428374 16773171 4450944 14662836 14799558 14889094 732457 327533 732457 327533 626987 921574 16733436 12851044 13389881 8380413
V 60 64 80 30 0 64 98 64 11776 4
O 853 853 46087 46087 315779 315779 488121 488121 439540 439540 786196 786196 1047038 1047038 931579 931579 589781 589781 16535296 16535296 16082137 16082137 862570 862570 912860 912860 16685472 16685472 15743397 15743397 16671767 16671767
O 822066 822066 16084465 16084465 16330609 16330609 1007265 1007265 16321654 16321654 15639293 15639293 16717267 16717267 726777 726777 16727361 16727361 16363359 16363359 1027700 1027700 15834706 15834706 15835470 15835470 16020960 16020960 345620 345620 170338 170338
O 16362353 16362353 841820 841820 15555321 15555321 15821717 15821717 16672065 16672065 547595 547595 422946 422946 16050601 16050601 950062 950062 15928540 15928540 15806614 15806614 263295 263295 738271 738271 16268613 16268613 16738746 16738746 1088407 1088407
O 15675594 15675594 16000397 16000397 16264638 16264638 667925 667925 16435132 16435132 197295 197295 390280 390280 15122775 15122775 16293424 16293424 16405187 16405187 934447 934447 16602636 16602636 16452520 16452520 778779 778779 15505755 15505755 16101731 16101731
S 1352865 4849664 197201 1310720 1356096 0 1353579 2029568 1093 12619776 3680598 11283405 16776587 4751744 2683187 19956 1297454 15645779 15532882 15645779 15532882 15208314 15644180 3166406 3199237 14268797 8380413
V 60 64 80 30 127 64 98 64 11776 4
O 853 853 46087 46087 340598 340598 536097 536097 484415 484415 835825 835825 1018325 1018325 850697 850697 178306 178306 16242451 16242451 15874942 15874942 16706211 16706211 1026396 1026396 16685980 16685980 15653021 15653021 184479 184479
O 986573 986573 97709 97709 15803373 15803373 16766989 16766989 890836 890836 16176364 16176364 16382779 16382779 1137132 1137132 16257731 16257731 15904927 15904927 818329 818329 809085 809085 16150573 16150573 16098971 16098971 653938 653938 208952 208952
O 15834518 15834518 691908 691908 450063 450063 15761699 15761699 16581248 16581248 980320 980320 306197 306197 15744143 15744143 147689 147689 835585 835585 15764431 15764431 162897 162897 1026056 1026056 15812245 15812245 16219361 16219361 923135 923135
O 508484 508484 16037025 16037025 16618788 16618788 821360 821360 16105233 16105233 16535555 16535555 1062307 1062307 16242990 16242990 15913240 15913240 367884 367884 983766 983766 16325726 16325726 16051035 16051035 965647 965647 16546260 16546260 15892537 15892537
S 1352010 0 151828 0 1356096 0 1354852 329728 1093 12619776 16429880 11283405 16776587 4751744 15705577 1705913 2097139 15870814 16252578 15870814 16252578 15349075 14666641 1431513 32377 14268797 8380413
V 60 64 80 30 80 0 98 64 11776 4
O 853 853 46087 46087 383510 383510 854494 854494 980539 980539 1034716 1034716 790843 790843 446765 446765 16579247 16579247 15888879 15888879 16093374 16093374 719262 719262 680441 680441 16133173 16133173 15940015 15940015 781437 781437
O 795208 795208 16128438 16128438 16043914 16043914 506381 506381 493295 493295 15917834 15917834 345715 345715 675288 675288 15752250 15752250 16707823 16707823 1073833 1073833 183796 183796 15697326 15697326 16680593 16680593 967620 967620 16198490 16198490
O 16286328 16286328 1174837 1174837 16268427 16268427 15929177 15929177 724136 724136 749334 749334 16324925 16324925 16022397 16022397 690553 690553 166584 166584 15851933 15851933 851113 851113 270741 270741 15649076 15649076 140076 140076 1121895 1121895
O 16675471 16675471 15796631 15796631 467176 467176 566367 566367 15730801 15730801 394255 394255 836198 836198 15807977 15807977 16326609 16326609 739214 739214 715886 715886 16087918 16087918 16286778 16286778 988785 988785 16338221 16338221 16091013 16091013
S 1353810 8388608 12620869 0 1356096 0 1355048 11298816 1093 12619776 10784476 11283405 16776587 4751744 14662836 1843068 1998531 16121127 104946 16121127 104946 15551472 15258149 1566791 12851044 14268797 8380413
V 60 64 80 30 80 127 98 64 11776 4
O 853 853 46087 46087 422780 422780 939536 939536 604720 604720 16579665 16579665 15729528 15729528 15888888 15888888 16038161 16038161 16341886 16341886 564209 564209 1183123 1183123 16515512 16515512 16770333 16770333 873836 873836 16117049 16117049
O 16558627 16558627 640571 640571 86498 86498 16523126 16523126 449206 449206 621820 621820 15520442 15520442 401530 401530 557383 557383 15822770 15822770 16139626 16139626 495303 495303 500119 500119 16570395 16570395 15824680 15824680 1095415 1095415
O 547302 547302 16519451 16519451 16254028 16254028 1306759 1306759 16727566 16727566 16384871 16384871 16245269 16245269 929700 929700 16087036 16087036 16674636 16674636 1222663 1222663 16756032 16756032 16153991 16153991 551561 551561 1277902 1277902 498488 498488
O 314362 314362 15967649 15967649 955794 955794 340293 340293 15976639 15976639 16734937 16734937 885164 885164 15647750 15647750 16522610 16522610 604854 604854 602915 602915 16324956 16324956 16143635 16143635 1183816 1183816 547935 547935 16563856 16563856
S 1353810 8388608 12620869 0 1356096 0 1352741 12785664 1093 12619776 10784476 11283405 16776587 4751744 14662836 14759659 775290 15038195 15712970 15038195 15712970 16063940 16637053 3270645 12851044 14268797 8380413
V 60 64 80 30 80 64 0 64 11776 4
O 853 853 26572 26572 150408 150408 386911 386911 680611 680611 952889 952889 1031526 1031526 744486 744486 48371 48371 16029871 16029871 15763186 15763186 16455536 16455536 768077 768077 881763 881763 16446645 16446645 15783813 15783813
O 217344 217344 983867 983867 16357669 16357669 15870920 15870920 648653 648653 741202 741202 15959840 15959840 16225892 16225892 955500 955500 315266 315266 15748344 15748344 16711257 16711257 1047499 1047499 16581809 16581809 15780189 15780189 443010 443010
O 887044 887044 16109307 16109307 16060541 16060541 849524 849524 500003 500003 15798579 15798579 16530455 16530455 1042052 1042052 16752992 16752992 15741208 15741208 296708 296708 957360 957360 16227071 16227071 15966143 15966143 767078 767078 604989 604989
O 15847293 15847293 16423754 16423754 1025959 1025959 73549 73549 15731262 15731262 213903 213903 986885 986885 16289846 16289846 15925993 15925993 724969 724969 648032 648032 15870016 15870016 16385336 16385336 1018135 1018135 102389 102389 15729926 15729926
S 1353810 8388608 12620869 0 1356096 0 1353485 16451584 1093 12619776 10784476 11283405 16776587 4751744 16384 16097425 1055586 14726433 15030437 14726433 15030437 14682726 14682546 101154 3885 383803 8380413
V 60 64 80 30 80 64 127 64 11776 4
O 853 853 64122 64122 605187 605187 1215032 1215032 866130 866130 482159 482159 195548 195548 384795 384795 113310 113310 15782121 15782121 15814464 15814464 16715880 16715880 718395 718395 785730 785730 16124314 16124314 5780 5780
O 146093 146093 16761364 16761364 16385222 16385222 1308667 1308667 16116181 16116181 16213542 16213542 205952 205952 70993 70993 16654760 16654760 495923 495923 844334 844334 16193991 16193991 16645515 16645515 623573 623573 158278 158278 15947175 15947175
O 16741846 16741846 834410 834410 15810280 15810280 615134 615134 1030942 1030942 15866238 15866238 16488181 16488181 917565 917565 210265 210265 15607451 15607451 524442 524442 16704640 16704640 16137137 16137137 744392 744392 621542 621542 16136543 16136543
O 16752087 16752087 986774 986774 16436611 16436611 16055221 16055221 177042 177042 166922 166922 16734156 16734156 282591 282591 1064174 1064174 16122061 16122061 16573161 16573161 562528 562528 328787 328787 15881607 15881607 16714908 16714908 793631 793631
S 1353810 8388608 12620869 0 1356096 0 1352042 2549760 1093 12619776 10784476 11283405 16776587 4751744 11195755 14965634 14686195 1067489 125090 1067489 125090 707451 2467076 2241742 11146358 9828853 8380413
V 60 64 80 30 80 64 98 0 11776 4
O 853 853 46087 46087 424973 424973 1044553 1044553 1026880 1026880 680045 680045 122414 122414 16568970 16568970 16378028 16378028 15842443 15842443 16665512 16665512 972488 972488 157723 157723 15771985 15771985 16613896 16613896 1242411 1242411
O 351454 351454 16057158 16057158 85751 85751 764835 764835 15580805 15580805 282007 282007 929650 929650 15875352 15875352 98502 98502 1244420 1244420 16235642 16235642 15980056 15980056 16714852 16714852 823478 823478 16069089 16069089 16203411 16203411
O 769219 769219 16746288 16746288 16121265 16121265 984011 984011 789315 789315 16118392 16118392 16179558 16179558 793602 793602 161228 161228 15499661 15499661 851181 851181 199394 199394 15790048 15790048 763622 763622 1051154 1051154 16559900 16559900
O 16109240 16109240 268299 268299 677323 677323 15734814 15734814 16716331 16716331 677701 677701 16185009 16185009 16321479 16321479 1360849 1360849 406261 406261 16200131 16200131 16371391 16371391 1276133 1276133 16256900 16256900 16120073 16120073 733788 733788
S 1353810 8388608 12620869 0 1356096 0 1357874 12482560 1093 12619776 10784476 11283405 16776587 4751744 14662836 65627 15466465 1333388 1983271 1333388 1983271 1263307 1671848 1073974 12851044 14268797 8380413
V 60 64 80 30 80 64 98 127 11776 4
O 853 853 46087 46087 424973 424973 1044553 1044553 1026880 1026880 680045 680045 122414 122414 16568970 16568970 16378028 16378028 15842443 15842443 16665512 16665512 972488 972488 157723 157723 15771985 15771985 16613896 16613896 1242411 1242411
O 351454 351454 16057158 16057158 85751 85751 764835 764835 15580805 15580805 282007 282007 929650 929650 15875352 15875352 98502 98502 1244420 1244420 16235642 16235642 15980056 15980056 16714852 16714852 823478 823478 16069089 16069089 16203411 16203411
O 769219 769219 16746288 16746288 16121265 16121265 984011 984011 789315 789315 16118392 16118392 16179558 16179558 793602 793602 161228 161228 15499661 15499661 851181 851181 199394 199394 15790048 15790048 763622 763622 1051154 1051154 16559900 16559900
O 16109240 16109240 268299 268299 677323 677323 15734814 15734814 16716331 16716331 677701 677701 16185009 16185009 16321479 16321479 1360849 1360849 406261 406261 16200131 16200131 16371391 16371391 1276133 1276133 16256900 16256900 16120073 16120073 733788 733788
S 1353810 8388608 12620869 0 1356096 0 1357874 12482560 1093 12619776 10784476 11283405 16776587 4751744 14662836 65627 15466465 1333388 1983271 1333388 1983271 1263307 1671848 1073974 12851044 14268797 8380413
V 15 64 100 80 15 100 64 64 11776 4
O 853 853 28670 28670 176406 176406 473130 473130 822042 822042 1012128 1012128 515748 515748 16189044 16189044 15688966 15688966 16176103 16176103 209560 209560 974079 974079 639296 639296 16213216 16213216 15834843 15834843 111372 111372
O 1026609 1026609 3321 3321 15733422 15733422 16693911 16693911 1053893 1053893 259664 259664 15783854 15783854 16243949 16243949 807649 807649 752694 752694 16213649 16213649 15801364 15801364 284892 284892 983663 983663 16513077 16513077 15789637 15789637
O 509330 509330 752875 752875 15907652 15907652 16438712 16438712 1063423 1063423 16515127 16515127 15799062 15799062 607933 607933 786416 786416 16004126 16004126 16047122 16047122 732269 732269 764446 764446 16133105 16133105 15923108 15923108 590329 590329
O 784683 784683 16017355 16017355 16160505 16160505 944616 944616 168822 168822 15713831 15713831 332056 332056 916481 916481 16044341 16044341 16082286 16082286 874842 874842 583516 583516 15885725 15885725 16150095 16150095 792690 792690 689003 689003
S 1356421 2621440 788804 5242880 1352232 0 1358226 3508224 1093 12619776 8135889 6279947 1916 8182784 118328 16194640 14924583 1212132 568262 1212132 568262 1403243 1352772 16337228 875744 985685 8180612
V 127 127 127 127 127 127 127 64 23552 4
O 1707 1707 85060 85060 602172 602172 655333 655333 253685 253685 889028 889028 16733255 16733255 16520525 16520525 16318908 16318908 969328 969328 541018 541018 15944795 15944795 274116 274116 16661838 16661838 16053361 16053361 122792 122792
O 195206 195206 54283 54283 16686721 16686721 851901 851901 16527796 16527796 16485334 16485334 335043 335043 16058501 16058501 16323343 16323343 15728572 15728572 528402 528402 246300 246300 233713 233713 16688714 16688714 216436 216436 16269648 16269648
O 16264518 16264518 713614 713614 782853 782853 16539659 16539659 16653349 16653349 16510145 16510145 16459458 16459458 16286683 16286683 849239 849239 998782 998782 16756117 16756117 16554377 16554377 16680208 16680208 16469147 16469147 16233464 16233464 15633794 15633794
O 16347030 16347030 16655699 16655699 114291 114291 16561472 16561472 69528 69528 51779 51779 15727853 15727853 15899229 15899229 15223 15223 478045 478045 39180 39180 128069 128069 16720831 16720831 16346236 16346236 15534023 15534023 16014849 16014849
S 1352790 0 303660 0 1362538 0 1358879 16637952 2187 8462336 3458130 14751435 16776234 9678144 3401961 15583026 1557830 15190032 15694110 15190032 15694110 14736640 15768324 3158290 3464762 3100472 6586132
V 0 0 0 0 0 0 0 64 23552 4
O 1707 1707 52853 52853 293682 293682 706049 706049 1010583 1010583 786230 786230 16592576 16592576 15785332 15785332 16521805 16521805 956710 956710 16732676 16732676 15944507 15944507 781350 781350 16589905 16589905 16408079 16408079 652517 652517
O 16082120 16082120 592677 592677 16295869 16295869 392322 392322 16450512 16450512 280009 280009 16529714 16529714 225240 225240 16567087 16567087 199725 199725 16585115 16585115 185702 185702 16597911 16597911 171952 171952 16614262 16614262 151847 151847
O 16638804 16638804 122629 122629 16672527 16672527 84943 84943 16713315 16713315 42172 42172 16756758 16756758 16776702 16776702 20004 20004 16739893 16739893 51840 51840 16714171 16714171 70546 70546 16703098 16703098 73683 73683 16707863 16707863
O 61389 61389 16726994 16726994 36408 36408 16756583 16756583 3647 3647 13730 13730 16746531 16746531 46409 46409 16717047 16717047 71311 71311 16697901 16697901 83797 83797 16692673 16692673 81504 81504 16702403 16702403 64762 64762
S 1354052 5636096 132258 2883584 1359056 8388608 1352014 4100096 2187 8462336 6621684 11863188 0 0 16764165 16688396 14703414 15981774 2083902 15981774 2083902 1473932 15562332 0 1621 288493 8388607
V 64 64 64 64 64 64 64 64 46720 4
O 3382 3382 105138 105138 552522 552522 992630 992630 330624 330624 15917990 15917990 45322 45322 585296 585296 16097084 16097084 506455 506455 16473146 16473146 139301 139301 16737892 16737892 16755014 16755014 55765 55765 16708967 16708967
O 74418 74418 16704014 16704014 67742 67742 16713807 16713807 56960 56960 16724506 16724506 42331 42331 16740924 16740924 31937 31937 16747769 16747769 26103 26103 16755238 16755238 19433 19433 16761696 16761696 16383 16383 16761865 16761865
O 13813 13813 16768508 16768508 7317 7317 16769772 16769772 5382 5382 16771613 16771613 2353 2353 16775056 16775056 386 386 16772841 16772841 4220 4220 16774049 16774049 1986 1986 16774579 16774579 3480 3480 16775088 16775088
O 2810 2810 850 850 16775398 16775398 1195 1195 254 254 16776309 16776309 16776176 16776176 16776712 16776712 16776859 16776859 16774727 16774727 2587 2587 16774216 16774216 16776424 16776424 802 802 16776805 16776805 461 461
S 1359741 15728640 3598871 14680064 1354736 0 1354975 13886976 4339 5753856 9459251 6245704 1524 13926400 401511 1658926 15327632 1828205 15004318 1828205 15004318 1850322 14928739 16639007 16350633 647045 8388603
V 117 8 62 72 52 32 89 70 46720 4
O 3382 3382 108465 108465 574606 574606 944737 944737 16717239 16717239 16002442 16002442 728157 728157 16601589 16601589 16483014 16483014 503563 503563 16224553 16224553 485708 485708 16370468 16370468 324218 324218 16516708 16516708 197021 197021
O 16607045 16607045 144931 144931 16644406 16644406 101042 101042 16691309 16691309 70050 70050 16714128 16714128 62740 62740 16740300 16740300 36997 36997 16726960 16726960 16054 16054 16744259 16744259 20002 20002 16765523 16765523 36743 36743
O 21516 21516 47535 47535 15894 15894 27274 27274 15891 15891 20988 20988 16774222 16774222 16767631 16767631 16761092 16761092 16755218 16755218 16739441 16739441 16731484 16731484 16744985 16744985 16762305 16762305 16777116 16777116 4565 4565
O 24797 24797 34718 34718 35519 35519 22226 22226 21359 21359 22791 22791 14993 14993 16775838 16775838 16762817 16762817 16762860 16762860 16750119 16750119 16738904 16738904 16729169 16729169 16751022 16751022 16761564 16761564 2798 2798
S 1358155 9437184 2159323 2097152 1356858 0 1358541 14009856 4339 5753856 7997758 5623903 1544 10923520 14697827 14700200 2016472 14676731 2096384 14676731 2096384 14692066 2096345 16304144 1593280 1784626 8388607
V 112 7 33 15 51 117 13 45 46720 4
O 3382 3382 103274 103274 537191 537191 987711 987711 410467 410467 15951494 15951494 16695838 16695838 679168 679168 16097201 16097201 436887 436887 16579320 16579320 33513 33513 63346 63346 16665967 16665967 132837 132837 16641502 16641502
O 132478 132478 16652061 16652061 112197 112197 16676064 16676064 88003 88003 16698100 16698100 67821 67821 16716849 16716849 52128 52128 16731941 16731941 40139 40139 16743630 16743630 30783 30783 16752090 16752090 23173 23173 16758036 16758036
O 16986 16986 16762129 16762129 12117 12117 16765308 16765308 8726 8726 16768062 16768062 6655 6655 16770736 16770736 5619 5619 16773017 16773017 4885 4885 16774612 16774612 3984 3984 16775208 16775208 2641 2641 16775146 16775146
O 1311 1311 16774924 16774924 392 392 16775171 16775171 294 294 16775920 16775920 719 719 16776924 16776924 1275 1275 367 367 1329 1329 403 403 835 835 16777034 16777034 16777147 16777147 16776366 16776366
S 1358155 9437184 2159323 2097152 1360215 8388608 1359748 10331648 4339 5753856 7997758 16044676 16777174 1404672 19693 15700847 653606 15333576 1320557 15333576 1320557 15284912 1488907 191472 59689 174209 8388607
V 80 29 64 83 37 24 104 12 23552 4
O 1707 1707 62540 62540 363293 363293 835158 835158 1051631 1051631 760038 760038 61049 61049 16190987 16190987 15871830 15871830 16572292 16572292 926633 926633 16403833 16403833 16319536 16319536 856956 856956 15954042 15954042 386901 386901
O 16729761 16729761 16682444 16682444 261690 261690 16503192 16503192 321882 321882 16473523 16473523 288433 288433 16445601 16445601 293849 293849 16448791 16448791 306132 306132 16496711 16496711 284534 284534 16572841 16572841 194733 194733 16657224 16657224
O 40967 40967 16756824 16756824 16709710 16709710 64634 64634 16677779 16677779 108549 108549 16711048 16711048 88316 88316 16755783 16755783 5806 5806 9789 9789 16714547 16714547 26008 26008 16718143 16718143 30568 30568 16765479 16765479
O 30122 30122 20415 20415 14023 14023 2761 2761 1829 1829 16713726 16713726 49374 49374 16665933 16665933 110308 110308 16662524 16662524 139426 139426 16695556 16695556 94601 94601 16743577 16743577 16750615 16750615 41360 41360
S 1356869 6291456 2116130 12582912 1359871 8388608 1357706 12890112 2187 8462336 7662086 8887680 16774718 270336 3380861 1981630 326462 15155969 15732969 15155969 15732969 15144004 1798653 220512 6090098 1011 8388603
V 85 58 39 79 41 79 74 118 11776 4
O 853 853 27203 27203 155650 155650 445966 445966 879646 879646 1066265 1066265 758703 758703 141804 141804 16023294 16023294 15861137 15861137 209822 209822 1042413 1042413 153872 153872 15822378 15822378 16661180 16661180 1148803 1148803
O 497894 497894 16198881 16198881 15851690 15851690 271332 271332 862169 862169 15994859 15994859 16308329 16308329 1039203 1039203 16729381 16729381 15795407 15795407 522535 522535 904189 904189 16106708 16106708 16223318 16223318 979988 979988 406942 406942
O 15795746 15795746 34557 34557 1051657 1051657 16466593 16466593 15818436 15818436 552739 552739 732980 732980 15928327 15928327 16071996 16071996 817188 817188 514394 514394 15874817 15874817 16166083 16166083 838273 838273 770661 770661 16114974 16114974
O 16078768 16078768 729459 729459 813816 813816 16088122 16088122 15996559 15996559 699379 699379 622379 622379 15873171 15873171 16099040 16099040 815413 815413 584431 584431 15954330 15954330 16134091 16134091 799320 799320 851291 851291 16177854 16177854
S 1354260 10485760 3155217 4194304 1351453 4194304 1351885 2799616 1093 12619776 6986912 8307009 2503 6865856 224010 14735798 15723329 15514384 14918799 15514384 14918799 15653156 15503829 15787442 1346720 86672 8388607
V 53 125 110 16 43 52 2 22 23552 4
O 1707 1707 52898 52898 294127 294127 707242 707242 1011034 1011034 782140 782140 16583574 16583574 15784051 15784051 16538124 16538124 959959 959959 16707565 16707565 15959109 15959109 795998 795998 16555121 16555121 16443793 16443793 628958 628958
O 16089744 16089744 597286 597286 16285415 16285415 405249 405249 16436959 16436959 293059 293059 16517965 16517965 235077 235077 16559681 16559681 204271 204271 16583798 16583798 183498 183498 16603816 16603816 162288 162288 16627561 16627561 135201 135201
O 16658317 16658317 100906 100906 16695626 16695626 61478 61478 16736011 16736011 21484 21484 16774187 16774187 16763743 16763743 27391 27391 16739004 16739004 45529 45529 16728064 16728064 49034 49034 16731856 16731856 38461 38461 16748376 16748376
O 17141 17141 16773113 16773113 16767771 16767771 22673 22673 16742432 16742432 45045 45045 16724349 16724349 57756 57756 16717782 16717782 57771 57771 16724336 16724336 45046 45046 16742475 16742475 22577 22577 16767959 16767959 16772780 16772780
S 1358166 12058624 2645163 7340032 1356646 13107200 1353563 6746112 2187 8462336 11673693 13525472 16777017 8880128 644 14824264 16259052 1356474 1098142 1356474 1098142 2076184 14683289 88113 16765155 276643 7842765
V 77 28 48 61 118 116 25 120 46720 4
O 3382 3382 103343 103343 537708 537708 988137 988137 409720 409720 15951066 15951066 16694450 16694450 683552 683552 16095259 16095259 434552 434552 16585221 16585221 26531 26531 69990 69990 16659719 16659719 138239 138239 16636834 16636834
O 135957 135957 16647204 16647204 116556 116556 16672918 16672918 90805 90805 16696017 16696017 69538 69538 16715138 16715138 53046 53046 16730439 16730439 40599 40599 16742417 16742417 31201 31201 16751452 16751452 23868 23868 16757993 16757993
O 17952 17952 16762518 16762518 13146 13146 16765647 16765647 9349 9349 16767960 16767960 6580 6580 16769965 16769965 4867 4867 16771853 16771853 3967 3967 16773631 16773631 3516 3516 16775084 16775084 3155 3155 16776000 16776000
O 2584 2584 16776294 16776294 1729 1729 16776147 16776147 802 802 16775851 16775851 57 57 16775736 16775736 16776962 16776962 16775974 16775974 16777135 16777135 16776582 16776582 397 397 65 65 847 847 556 556
S 1357505 4194304 3376466 8388608 1356380 12582912 1356022 8865280 4339 5753856 14448549 14030071 16776576 12564160 48252 374980 9304 744187 16162470 744187 16162470 795512 15983930 16772230 16745959 79869 8388607
V 84 116 72 63 17 9 38 98 11776 4
O 853 853 26910 26910 153852 153852 398013 398013 698860 698860 968691 968691 1020912 1020912 677857 677857 16705243 16705243 15933352 15933352 15816619 15816619 16673484 16673484 913818 913818 693051 693051 16151268 16151268 15935772 15935772
O 597937 597937 746788 746788 15946164 15946164 16289861 16289861 1003331 1003331 144318 144318 15732663 15732663 200815 200815 981651 981651 16240309 16240309 15982131 15982131 806037 806037 519387 519387 15788581 15788581 16603813 16603813 1047005 1047005
O 16583218 16583218 15797444 15797444 543356 543356 784042 784042 15952664 15952664 16290927 16290927 1002011 1002011 118178 118178 15731572 15731572 267086 267086 947172 947172 16159925 16159925 16057305 16057305 881776 881776 397626 397626 15750072 15750072
O 16749163 16749163 1036870 1036870 16438207 16438207 15859604 15859604 660580 660580 688216 688216 15879004 15879004 16399343 16399343 1028740 1028740 24714 24714 15740541 15740541 331553 331553 923089 923089 16128565 16128565 16077941 16077941 890480 890480
S 1358791 12320768 1183206 7864320 1356162 0 1356868 8361984 1093 12619776 3391963 8624611 16775256 12040000 16775553 1647194 68717 1942575 2097428 1942575 2097428 1781879 1780044 170137 70027 2810 8388091
V 114 27 106 48 4 107 122 61 11776 4
O 853 853 15006 15006 16502122 16502122 15803756 15803756 15921787 15921787 16479176 16479176 594710 594710 808497 808497 784003 784003 306408 306408 15877262 15877262 16699075 16699075 16178460 16178460 746742 746742 740846 740846 16420758 16420758
O 718913 718913 367672 367672 16195702 16195702 342251 342251 831920 831920 735660 735660 768871 768871 44381 44381 16740194 16740194 16591776 16591776 645685 645685 1049696 1049696 903513 903513 797752 797752 413964 413964 16772106 16772106
O 16714186 16714186 701800 701800 921636 921636 16463494 16463494 16276346 16276346 406916 406916 16639072 16639072 16443295 16443295 16622601 16622601 935507 935507 31036 31036 16527590 16527590 18306 18306 148928 148928 16633354 16633354 16299558 16299558
O 15707134 15707134 792215 792215 16749398 16749398 16560548 16560548 148228 148228 317031 317031 16214763 16214763 15900815 15900815 490283 490283 599507 599507 27729 27729 16586959 16586959 404995 404995 552901 552901 1091631 1091631 16336671 16336671
S 1352865 4849664 197201 1310720 1352330 8388608 1355412 16164864 1093 12619776 3680598 8354853 1529 13745152 3578156 15884109 2004721 15841344 459741 15841344 459741 15070180 16722073 7885825 3673766 692552 8006349
