ALAW 0 0 64 7
ALAW 0 0 0 7
ALAW 0 0 127 13241
ALAW 0 1 64 7
ALAW 0 1 0 7
ALAW 0 1 127 13264
ALAW 0 32 64 7
ALAW 0 32 0 7
ALAW 0 32 127 14026
ALAW 0 64 64 8
ALAW 0 64 0 7
ALAW 0 64 127 14861
ALAW 0 96 64 8
ALAW 0 96 0 7
ALAW 0 96 127 14917
ALAW 0 127 64 9
ALAW 0 127 0 7
ALAW 0 127 127 14917
ALAW 10240 0 64 233
ALAW 10240 0 0 7
ALAW 10240 0 127 14917
ALAW 10240 1 64 233
ALAW 10240 1 0 7
ALAW 10240 1 127 14917
ALAW 10240 32 64 246
ALAW 10240 32 0 7
ALAW 10240 32 127 14917
ALAW 10240 64 64 261
ALAW 10240 64 0 7
ALAW 10240 64 127 14917
ALAW 10240 96 64 277
ALAW 10240 96 0 7
ALAW 10240 96 127 14917
ALAW 10240 127 64 293
ALAW 10240 127 0 7
ALAW 10240 127 127 14917
ALAW 11776 0 64 391
ALAW 11776 0 0 7
ALAW 11776 0 127 14917
ALAW 11776 1 64 392
ALAW 11776 1 0 7
ALAW 11776 1 127 14917
ALAW 11776 32 64 415
ALAW 11776 32 0 7
ALAW 11776 32 127 14917
ALAW 11776 64 64 439
ALAW 11776 64 0 7
ALAW 11776 64 127 14917
ALAW 11776 96 64 466
ALAW 11776 96 0 7
ALAW 11776 96 127 14917
ALAW 11776 127 64 492
ALAW 11776 127 0 7
ALAW 11776 127 127 14917
ALAW 21674 0 64 11172
ALAW 21674 0 0 7
ALAW 21674 0 127 14917
ALAW 21674 1 64 11191
ALAW 21674 1 0 7
ALAW 21674 1 127 14917
ALAW 21674 32 64 11834
ALAW 21674 32 0 7
ALAW 21674 32 127 14917
ALAW 21674 64 64 12539
ALAW 21674 64 0 7
ALAW 21674 64 127 14917
ALAW 21674 96 64 13286
ALAW 21674 96 0 7
ALAW 21674 96 127 14917
ALAW 21674 127 64 14049
ALAW 21674 127 0 7
ALAW 21674 127 127 14917
ENVSET 0 0 90 40 16
ENV 0 1 4194304 0 0 7381144803
MACH 16750822 16750822 16426810 16426810 16182667 16182667 16351432 16351432 16610010 16610010 891439 891439 16042076 16042076 16644220 16644220 1181312 1181312 16641345 16641345 411972 411972 16710848 16710848 485532 485532 499992 499992 296615 296615 16020874 16020874
ENV 1 0 8388607 1 1 7381144803
MACH 642893 642893 533121 533121 16117311 16117311 240303 240303 337116 337116 15998925 15998925 930136 930136 16096271 16096271 77091 77091 632673 632673 15667883 15667883 1090872 1090872 16254726 16254726 16437072 16437072 970350 970350 15893737 15893737
ENV 2 0 8388607 2 1 7381144803
MACH 89501 89501 787822 787822 15736545 15736545 525127 525127 303620 303620 15901130 15901130 923088 923088 16285401 16285401 16550986 16550986 867992 867992 15690162 15690162 749571 749571 247 247 16006482 16006482 1075906 1075906 16135417 16135417
ENV 3 0 8386488 2 1 7381144803
MACH 16491022 16491022 996115 996115 15891358 15891358 68203 68203 753621 753621 15799659 15799659 546633 546633 179677 179677 15967094 15967094 1045659 1045659 16036915 16036915 36853 36853 706870 706870 15696628 15696628 823230 823230 16754665 16754665
ENV 4 0 8384369 2 1 7381144803
MACH 15957211 15957211 1054957 1054957 16339543 16339543 16244131 16244131 1022774 1022774 16108327 16108327 16615689 16615689 830918 830918 15811752 15811752 579396 579396 133879 133879 15967597 15967597 1076565 1076565 16001041 16001041 40342 40342 742581 742581
ENV 5 0 8382251 2 1 7381144803
MACH 15694763 15694763 685982 685982 233046 233046 15800942 15800942 908747 908747 16678897 16678897 16030774 16030774 982961 982961 16239665 16239665 16570228 16570228 823432 823432 15744262 15744262 702213 702213 13046 13046 16041521 16041521 1071024 1071024
ENV 6 0 8380133 2 1 7381144803
MACH 15961908 15961908 66935 66935 752568 752568 15698424 15698424 616406 616406 316216 316216 15803155 15803155 861875 861875 16636382 16636382 16151363 16151363 979258 979258 15965044 15965044 229641 229641 503281 503281 15767541 15767541 1014711 1014711
ENV 7 0 8378016 2 1 7381144803
MACH 16294065 16294065 16439492 16439492 981817 981817 15785728 15785728 278883 278883 661947 661947 15720392 15720392 568319 568319 353651 353651 15826779 15826779 843859 843859 16562638 16562638 16267253 16267253 986267 986267 15817341 15817341 424071 424071
ENV 8 2 8316986 3 1 7381144803
MACH 352700 352700 15816941 15816941 1035928 1035928 16305204 16305204 16346486 16346486 1042954 1042954 15932735 15932735 16729052 16729052 875003 875003 15830952 15830952 278375 278375 546695 546695 15806135 15806135 827179 827179 16533871 16533871 16274782 16274782
ENV 9 0 8256400 3 1 7381144803
MACH 1010294 1010294 15781449 15781449 444882 444882 372053 372053 15785533 15785533 981498 981498 16507787 16507787 16113528 16113528 1062333 1062333 16198625 16198625 16426113 16426113 954827 954827 15939849 15939849 187682 187682 537757 537757 15788741 15788741
ENV 10 0 8196256 3 1 7381144803
MACH 939020 939020 16388819 16388819 16396017 16396017 964806 964806 15745855 15745855 491726 491726 383434 383434 15755167 15755167 909670 909670 16700328 16700328 15976610 15976610 994507 994507 16369779 16369779 16340940 16340940 943422 943422 15896825 15896825
ENV 11 0 8136550 3 1 7381144803
MACH 356611 356611 382544 382544 15824007 15824007 1043646 1043646 16195983 16195983 16558232 16558232 916164 916164 15734210 15734210 434600 434600 519535 519535 15719645 15719645 704944 704944 216990 216990 15861993 15861993 890716 890716 16508827 16508827
ENV 12 1 8388607 1 1 7381144803
MACH 16296985 16296985 962926 962926 15823024 15823024 433553 433553 334874 334874 15832395 15832395 1047792 1047792 16242763 16242763 16437038 16437038 1006266 1006266 15848402 15848402 106707 106707 791268 791268 15776227 15776227 399919 399919 463229 463229
ENV 13 0 8388607 2 1 7381144803
MACH 15820114 15820114 844443 844443 16497951 16497951 16318588 16318588 988685 988685 15766557 15766557 496475 496475 293580 293580 15842537 15842537 1029629 1029629 16325324 16325324 16312257 16312257 1048542 1048542 15967612 15967612 16720971 16720971 832092 832092
ENV 14 0 8386488 2 1 7381144803
MACH 15819575 15819575 440921 440921 306292 306292 15905618 15905618 1016542 1016542 16134428 16134428 16700243 16700243 777358 777358 15692794 15692794 790837 790837 16773278 16773278 15963109 15963109 1065665 1065665 16283043 16283043 16303727 16303727 1022756 1022756
ENV 15 0 8384369 2 1 7381144803
MACH 16050890 16050890 16675434 16675434 806918 806918 15808467 15808467 592591 592591 105652 105652 15993507 15993507 1075213 1075213 15968945 15968945 94729 94729 696275 696275 15694410 15694410 748891 748891 145918 145918 15838026 15838026 954032 954032
ENVSET 32 0 90 40 16
ENV 0 1 289432 0 0 7381144803
MACH 16750822 16750822 16426810 16426810 16182667 16182667 16351432 16351432 16610010 16610010 891439 891439 16042076 16042076 16644220 16644220 1181312 1181312 16641345 16641345 411972 411972 16710848 16710848 485532 485532 499992 499992 296615 296615 16020874 16020874
ENV 1 0 578864 0 0 7381144803
MACH 642893 642893 533121 533121 16117311 16117311 240303 240303 337116 337116 15998925 15998925 930136 930136 16096271 16096271 77091 77091 632673 632673 15667883 15667883 1090872 1090872 16254726 16254726 16437072 16437072 970350 970350 15893737 15893737
ENV 2 0 868296 0 0 7381144803
MACH 89501 89501 787822 787822 15736545 15736545 525127 525127 303620 303620 15901130 15901130 923088 923088 16285401 16285401 16550986 16550986 867992 867992 15690162 15690162 749571 749571 247 247 16006482 16006482 1075906 1075906 16135417 16135417
ENV 3 0 1157728 0 0 7381144803
MACH 16491022 16491022 996115 996115 15891358 15891358 68203 68203 753621 753621 15799659 15799659 546633 546633 179677 179677 15967094 15967094 1045659 1045659 16036915 16036915 36853 36853 706870 706870 15696628 15696628 823230 823230 16754665 16754665
ENV 4 0 1447160 0 0 7381144803
MACH 15957211 15957211 1054957 1054957 16339543 16339543 16244131 16244131 1022774 1022774 16108327 16108327 16615689 16615689 830918 830918 15811752 15811752 579396 579396 133879 133879 15967597 15967597 1076565 1076565 16001041 16001041 40342 40342 742581 742581
ENV 5 0 1736592 0 0 7381144803
MACH 15694763 15694763 685982 685982 233046 233046 15800942 15800942 908747 908747 16678897 16678897 16030774 16030774 982961 982961 16239665 16239665 16570228 16570228 823432 823432 15744262 15744262 702213 702213 13046 13046 16041521 16041521 1071024 1071024
ENV 6 0 2026024 0 0 7381144803
MACH 15961908 15961908 66935 66935 752568 752568 15698424 15698424 616406 616406 316216 316216 15803155 15803155 861875 861875 16636382 16636382 16151363 16151363 979258 979258 15965044 15965044 229641 229641 503281 503281 15767541 15767541 1014711 1014711
ENV 7 0 2315456 0 0 7381144803
MACH 16294065 16294065 16439492 16439492 981817 981817 15785728 15785728 278883 278883 661947 661947 15720392 15720392 568319 568319 353651 353651 15826779 15826779 843859 843859 16562638 16562638 16267253 16267253 986267 986267 15817341 15817341 424071 424071
ENV 8 2 2298589 3 0 7381144803
MACH 352700 352700 15816941 15816941 1035928 1035928 16305204 16305204 16346486 16346486 1042954 1042954 15932735 15932735 16729052 16729052 875003 875003 15830952 15830952 278375 278375 546695 546695 15806135 15806135 827179 827179 16533871 16533871 16274782 16274782
ENV 9 0 2281844 3 0 7381144803
MACH 1010294 1010294 15781449 15781449 444882 444882 372053 372053 15785533 15785533 981498 981498 16507787 16507787 16113528 16113528 1062333 1062333 16198625 16198625 16426113 16426113 954827 954827 15939849 15939849 187682 187682 537757 537757 15788741 15788741
ENV 10 0 2265221 3 0 7381144803
MACH 939020 939020 16388819 16388819 16396017 16396017 964806 964806 15745855 15745855 491726 491726 383434 383434 15755167 15755167 909670 909670 16700328 16700328 15976610 15976610 994507 994507 16369779 16369779 16340940 16340940 943422 943422 15896825 15896825
ENV 11 0 2248719 3 0 7381144803
MACH 356611 356611 382544 382544 15824007 15824007 1043646 1043646 16195983 16195983 16558232 16558232 916164 916164 15734210 15734210 434600 434600 519535 519535 15719645 15719645 704944 704944 216990 216990 15861993 15861993 890716 890716 16508827 16508827
ENV 12 1 2538151 0 0 7381144803
MACH 16296985 16296985 962926 962926 15823024 15823024 433553 433553 334874 334874 15832395 15832395 1047792 1047792 16242763 16242763 16437038 16437038 1006266 1006266 15848402 15848402 106707 106707 791268 791268 15776227 15776227 399919 399919 463229 463229
ENV 13 0 2827583 0 0 7381144803
MACH 15820114 15820114 844443 844443 16497951 16497951 16318588 16318588 988685 988685 15766557 15766557 496475 496475 293580 293580 15842537 15842537 1029629 1029629 16325324 16325324 16312257 16312257 1048542 1048542 15967612 15967612 16720971 16720971 832092 832092
ENV 14 0 3117015 0 0 7381144803
MACH 15819575 15819575 440921 440921 306292 306292 15905618 15905618 1016542 1016542 16134428 16134428 16700243 16700243 777358 777358 15692794 15692794 790837 790837 16773278 16773278 15963109 15963109 1065665 1065665 16283043 16283043 16303727 16303727 1022756 1022756
ENV 15 0 3406447 0 0 7381144803
MACH 16050890 16050890 16675434 16675434 806918 806918 15808467 15808467 592591 592591 105652 105652 15993507 15993507 1075213 1075213 15968945 15968945 94729 94729 696275 696275 15694410 15694410 748891 748891 145918 145918 15838026 15838026 954032 954032
ENVSET 64 0 90 40 16
ENV 0 1 19973 0 0 7381144803
MACH 16750822 16750822 16426810 16426810 16182667 16182667 16351432 16351432 16610010 16610010 891439 891439 16042076 16042076 16644220 16644220 1181312 1181312 16641345 16641345 411972 411972 16710848 16710848 485532 485532 499992 499992 296615 296615 16020874 16020874
ENV 1 0 39946 0 0 7381144803
MACH 642893 642893 533121 533121 16117311 16117311 240303 240303 337116 337116 15998925 15998925 930136 930136 16096271 16096271 77091 77091 632673 632673 15667883 15667883 1090872 1090872 16254726 16254726 16437072 16437072 970350 970350 15893737 15893737
ENV 2 0 59919 0 0 7381144803
MACH 89501 89501 787822 787822 15736545 15736545 525127 525127 303620 303620 15901130 15901130 923088 923088 16285401 16285401 16550986 16550986 867992 867992 15690162 15690162 749571 749571 247 247 16006482 16006482 1075906 1075906 16135417 16135417
ENV 3 0 79892 0 0 7381144803
MACH 16491022 16491022 996115 996115 15891358 15891358 68203 68203 753621 753621 15799659 15799659 546633 546633 179677 179677 15967094 15967094 1045659 1045659 16036915 16036915 36853 36853 706870 706870 15696628 15696628 823230 823230 16754665 16754665
ENV 4 0 99865 0 0 7381144803
MACH 15957211 15957211 1054957 1054957 16339543 16339543 16244131 16244131 1022774 1022774 16108327 16108327 16615689 16615689 830918 830918 15811752 15811752 579396 579396 133879 133879 15967597 15967597 1076565 1076565 16001041 16001041 40342 40342 742581 742581
ENV 5 0 119838 0 0 7381144803
MACH 15694763 15694763 685982 685982 233046 233046 15800942 15800942 908747 908747 16678897 16678897 16030774 16030774 982961 982961 16239665 16239665 16570228 16570228 823432 823432 15744262 15744262 702213 702213 13046 13046 16041521 16041521 1071024 1071024
ENV 6 0 139811 0 0 7381144803
MACH 15961908 15961908 66935 66935 752568 752568 15698424 15698424 616406 616406 316216 316216 15803155 15803155 861875 861875 16636382 16636382 16151363 16151363 979258 979258 15965044 15965044 229641 229641 503281 503281 15767541 15767541 1014711 1014711
ENV 7 0 159784 0 0 7381144803
MACH 16294065 16294065 16439492 16439492 981817 981817 15785728 15785728 278883 278883 661947 661947 15720392 15720392 568319 568319 353651 353651 15826779 15826779 843859 843859 16562638 16562638 16267253 16267253 986267 986267 15817341 15817341 424071 424071
ENV 8 2 158620 3 0 7381144803
MACH 352700 352700 15816941 15816941 1035928 1035928 16305204 16305204 16346486 16346486 1042954 1042954 15932735 15932735 16729052 16729052 875003 875003 15830952 15830952 278375 278375 546695 546695 15806135 15806135 827179 827179 16533871 16533871 16274782 16274782
ENV 9 0 157464 3 0 7381144803
MACH 1010294 1010294 15781449 15781449 444882 444882 372053 372053 15785533 15785533 981498 981498 16507787 16507787 16113528 16113528 1062333 1062333 16198625 16198625 16426113 16426113 954827 954827 15939849 15939849 187682 187682 537757 537757 15788741 15788741
ENV 10 0 156316 3 0 7381144803
MACH 939020 939020 16388819 16388819 16396017 16396017 964806 964806 15745855 15745855 491726 491726 383434 383434 15755167 15755167 909670 909670 16700328 16700328 15976610 15976610 994507 994507 16369779 16369779 16340940 16340940 943422 943422 15896825 15896825
ENV 11 0 155177 3 0 7381144803
MACH 356611 356611 382544 382544 15824007 15824007 1043646 1043646 16195983 16195983 16558232 16558232 916164 916164 15734210 15734210 434600 434600 519535 519535 15719645 15719645 704944 704944 216990 216990 15861993 15861993 890716 890716 16508827 16508827
ENV 12 1 175150 0 0 7381144803
MACH 16296985 16296985 962926 962926 15823024 15823024 433553 433553 334874 334874 15832395 15832395 1047792 1047792 16242763 16242763 16437038 16437038 1006266 1006266 15848402 15848402 106707 106707 791268 791268 15776227 15776227 399919 399919 463229 463229
ENV 13 0 195123 0 0 7381144803
MACH 15820114 15820114 844443 844443 16497951 16497951 16318588 16318588 988685 988685 15766557 15766557 496475 496475 293580 293580 15842537 15842537 1029629 1029629 16325324 16325324 16312257 16312257 1048542 1048542 15967612 15967612 16720971 16720971 832092 832092
ENV 14 0 215096 0 0 7381144803
MACH 15819575 15819575 440921 440921 306292 306292 15905618 15905618 1016542 1016542 16134428 16134428 16700243 16700243 777358 777358 15692794 15692794 790837 790837 16773278 16773278 15963109 15963109 1065665 1065665 16283043 16283043 16303727 16303727 1022756 1022756
ENV 15 0 235069 0 0 7381144803
MACH 16050890 16050890 16675434 16675434 806918 806918 15808467 15808467 592591 592591 105652 105652 15993507 15993507 1075213 1075213 15968945 15968945 94729 94729 696275 696275 15694410 15694410 748891 748891 145918 145918 15838026 15838026 954032 954032
ENVSET 0 0 0 40 16
ENV 0 1 4194304 0 0 7381144803
MACH 16750822 16750822 16426810 16426810 16182667 16182667 16351432 16351432 16610010 16610010 891439 891439 16042076 16042076 16644220 16644220 1181312 1181312 16641345 16641345 411972 411972 16710848 16710848 485532 485532 499992 499992 296615 296615 16020874 16020874
ENV 1 0 8388607 1 1 7381144803
MACH 642893 642893 533121 533121 16117311 16117311 240303 240303 337116 337116 15998925 15998925 930136 930136 16096271 16096271 77091 77091 632673 632673 15667883 15667883 1090872 1090872 16254726 16254726 16437072 16437072 970350 970350 15893737 15893737
ENV 2 0 8388607 2 1 7381144803
MACH 89501 89501 787822 787822 15736545 15736545 525127 525127 303620 303620 15901130 15901130 923088 923088 16285401 16285401 16550986 16550986 867992 867992 15690162 15690162 749571 749571 247 247 16006482 16006482 1075906 1075906 16135417 16135417
ENV 3 0 7530344 2 1 7381144803
MACH 16491022 16491022 996115 996115 15891358 15891358 68203 68203 753621 753621 15799659 15799659 546633 546633 179677 179677 15967094 15967094 1045659 1045659 16036915 16036915 36853 36853 706870 706870 15696628 15696628 823230 823230 16754665 16754665
ENV 4 0 6759892 2 1 7381144803
MACH 15957211 15957211 1054957 1054957 16339543 16339543 16244131 16244131 1022774 1022774 16108327 16108327 16615689 16615689 830918 830918 15811752 15811752 579396 579396 133879 133879 15967597 15967597 1076565 1076565 16001041 16001041 40342 40342 742581 742581
ENV 5 0 6068267 2 1 7381144803
MACH 15694763 15694763 685982 685982 233046 233046 15800942 15800942 908747 908747 16678897 16678897 16030774 16030774 982961 982961 16239665 16239665 16570228 16570228 823432 823432 15744262 15744262 702213 702213 13046 13046 16041521 16041521 1071024 1071024
ENV 6 0 5447404 2 1 7381144803
MACH 15961908 15961908 66935 66935 752568 752568 15698424 15698424 616406 616406 316216 316216 15803155 15803155 861875 861875 16636382 16636382 16151363 16151363 979258 979258 15965044 15965044 229641 229641 503281 503281 15767541 15767541 1014711 1014711
ENV 7 0 4890064 2 1 7381144803
MACH 16294065 16294065 16439492 16439492 981817 981817 15785728 15785728 278883 278883 661947 661947 15720392 15720392 568319 568319 353651 353651 15826779 15826779 843859 843859 16562638 16562638 16267253 16267253 986267 986267 15817341 15817341 424071 424071
ENV 8 2 4854442 3 1 7381144803
MACH 352700 352700 15816941 15816941 1035928 1035928 16305204 16305204 16346486 16346486 1042954 1042954 15932735 15932735 16729052 16729052 875003 875003 15830952 15830952 278375 278375 546695 546695 15806135 15806135 827179 827179 16533871 16533871 16274782 16274782
ENV 9 0 4819079 3 1 7381144803
MACH 1010294 1010294 15781449 15781449 444882 444882 372053 372053 15785533 15785533 981498 981498 16507787 16507787 16113528 16113528 1062333 1062333 16198625 16198625 16426113 16426113 954827 954827 15939849 15939849 187682 187682 537757 537757 15788741 15788741
ENV 10 0 4783974 3 1 7381144803
MACH 939020 939020 16388819 16388819 16396017 16396017 964806 964806 15745855 15745855 491726 491726 383434 383434 15755167 15755167 909670 909670 16700328 16700328 15976610 15976610 994507 994507 16369779 16369779 16340940 16340940 943422 943422 15896825 15896825
ENV 11 0 4749125 3 1 7381144803
MACH 356611 356611 382544 382544 15824007 15824007 1043646 1043646 16195983 16195983 16558232 16558232 916164 916164 15734210 15734210 434600 434600 519535 519535 15719645 15719645 704944 704944 216990 216990 15861993 15861993 890716 890716 16508827 16508827
ENV 12 1 8388607 1 1 7381144803
MACH 16296985 16296985 962926 962926 15823024 15823024 433553 433553 334874 334874 15832395 15832395 1047792 1047792 16242763 16242763 16437038 16437038 1006266 1006266 15848402 15848402 106707 106707 791268 791268 15776227 15776227 399919 399919 463229 463229
ENV 13 0 8388607 2 1 7381144803
MACH 15820114 15820114 844443 844443 16497951 16497951 16318588 16318588 988685 988685 15766557 15766557 496475 496475 293580 293580 15842537 15842537 1029629 1029629 16325324 16325324 16312257 16312257 1048542 1048542 15967612 15967612 16720971 16720971 832092 832092
ENV 14 0 7530344 2 1 7381144803
MACH 15819575 15819575 440921 440921 306292 306292 15905618 15905618 1016542 1016542 16134428 16134428 16700243 16700243 777358 777358 15692794 15692794 790837 790837 16773278 16773278 15963109 15963109 1065665 1065665 16283043 16283043 16303727 16303727 1022756 1022756
ENV 15 0 6759892 2 1 7381144803
MACH 16050890 16050890 16675434 16675434 806918 806918 15808467 15808467 592591 592591 105652 105652 15993507 15993507 1075213 1075213 15968945 15968945 94729 94729 696275 696275 15694410 15694410 748891 748891 145918 145918 15838026 15838026 954032 954032
ENVSET 0 0 127 40 16
ENV 0 1 4194304 0 0 7381144803
MACH 16750822 16750822 16426810 16426810 16182667 16182667 16351432 16351432 16610010 16610010 891439 891439 16042076 16042076 16644220 16644220 1181312 1181312 16641345 16641345 411972 411972 16710848 16710848 485532 485532 499992 499992 296615 296615 16020874 16020874
ENV 1 0 8388607 1 1 7381144803
MACH 642893 642893 533121 533121 16117311 16117311 240303 240303 337116 337116 15998925 15998925 930136 930136 16096271 16096271 77091 77091 632673 632673 15667883 15667883 1090872 1090872 16254726 16254726 16437072 16437072 970350 970350 15893737 15893737
ENV 2 0 8388607 2 1 7381144803
MACH 89501 89501 787822 787822 15736545 15736545 525127 525127 303620 303620 15901130 15901130 923088 923088 16285401 16285401 16550986 16550986 867992 867992 15690162 15690162 749571 749571 247 247 16006482 16006482 1075906 1075906 16135417 16135417
ENV 3 0 8388607 2 1 7381144803
MACH 16491022 16491022 996115 996115 15891358 15891358 68203 68203 753621 753621 15799659 15799659 546633 546633 179677 179677 15967094 15967094 1045659 1045659 16036915 16036915 36853 36853 706870 706870 15696628 15696628 823230 823230 16754665 16754665
ENV 4 0 8388607 2 1 7381144803
MACH 15957211 15957211 1054957 1054957 16339543 16339543 16244131 16244131 1022774 1022774 16108327 16108327 16615689 16615689 830918 830918 15811752 15811752 579396 579396 133879 133879 15967597 15967597 1076565 1076565 16001041 16001041 40342 40342 742581 742581
ENV 5 0 8388607 2 1 7381144803
MACH 15694763 15694763 685982 685982 233046 233046 15800942 15800942 908747 908747 16678897 16678897 16030774 16030774 982961 982961 16239665 16239665 16570228 16570228 823432 823432 15744262 15744262 702213 702213 13046 13046 16041521 16041521 1071024 1071024
ENV 6 0 8388607 2 1 7381144803
MACH 15961908 15961908 66935 66935 752568 752568 15698424 15698424 616406 616406 316216 316216 15803155 15803155 861875 861875 16636382 16636382 16151363 16151363 979258 979258 15965044 15965044 229641 229641 503281 503281 15767541 15767541 1014711 1014711
ENV 7 0 8388607 2 1 7381144803
MACH 16294065 16294065 16439492 16439492 981817 981817 15785728 15785728 278883 278883 661947 661947 15720392 15720392 568319 568319 353651 353651 15826779 15826779 843859 843859 16562638 16562638 16267253 16267253 986267 986267 15817341 15817341 424071 424071
ENV 8 2 8327500 3 1 7381144803
MACH 352700 352700 15816941 15816941 1035928 1035928 16305204 16305204 16346486 16346486 1042954 1042954 15932735 15932735 16729052 16729052 875003 875003 15830952 15830952 278375 278375 546695 546695 15806135 15806135 827179 827179 16533871 16533871 16274782 16274782
ENV 9 0 8266838 3 1 7381144803
MACH 1010294 1010294 15781449 15781449 444882 444882 372053 372053 15785533 15785533 981498 981498 16507787 16507787 16113528 16113528 1062333 1062333 16198625 16198625 16426113 16426113 954827 954827 15939849 15939849 187682 187682 537757 537757 15788741 15788741
ENV 10 0 8206618 3 1 7381144803
MACH 939020 939020 16388819 16388819 16396017 16396017 964806 964806 15745855 15745855 491726 491726 383434 383434 15755167 15755167 909670 909670 16700328 16700328 15976610 15976610 994507 994507 16369779 16369779 16340940 16340940 943422 943422 15896825 15896825
ENV 11 0 8146836 3 1 7381144803
MACH 356611 356611 382544 382544 15824007 15824007 1043646 1043646 16195983 16195983 16558232 16558232 916164 916164 15734210 15734210 434600 434600 519535 519535 15719645 15719645 704944 704944 216990 216990 15861993 15861993 890716 890716 16508827 16508827
ENV 12 1 8388607 1 1 7381144803
MACH 16296985 16296985 962926 962926 15823024 15823024 433553 433553 334874 334874 15832395 15832395 1047792 1047792 16242763 16242763 16437038 16437038 1006266 1006266 15848402 15848402 106707 106707 791268 791268 15776227 15776227 399919 399919 463229 463229
ENV 13 0 8388607 2 1 7381144803
MACH 15820114 15820114 844443 844443 16497951 16497951 16318588 16318588 988685 988685 15766557 15766557 496475 496475 293580 293580 15842537 15842537 1029629 1029629 16325324 16325324 16312257 16312257 1048542 1048542 15967612 15967612 16720971 16720971 832092 832092
ENV 14 0 8388607 2 1 7381144803
MACH 15819575 15819575 440921 440921 306292 306292 15905618 15905618 1016542 1016542 16134428 16134428 16700243 16700243 777358 777358 15692794 15692794 790837 790837 16773278 16773278 15963109 15963109 1065665 1065665 16283043 16283043 16303727 16303727 1022756 1022756
ENV 15 0 8388607 2 1 7381144803
MACH 16050890 16050890 16675434 16675434 806918 806918 15808467 15808467 592591 592591 105652 105652 15993507 15993507 1075213 1075213 15968945 15968945 94729 94729 696275 696275 15694410 15694410 748891 748891 145918 145918 15838026 15838026 954032 954032
ENVSET 0 0 90 40 16
ENV 0 1 4194304 0 0 7381144803
MACH 16750822 16750822 16426810 16426810 16182667 16182667 16351432 16351432 16610010 16610010 891439 891439 16042076 16042076 16644220 16644220 1181312 1181312 16641345 16641345 411972 411972 16710848 16710848 485532 485532 499992 499992 296615 296615 16020874 16020874
ENV 1 0 8388607 1 1 7381144803
MACH 642893 642893 533121 533121 16117311 16117311 240303 240303 337116 337116 15998925 15998925 930136 930136 16096271 16096271 77091 77091 632673 632673 15667883 15667883 1090872 1090872 16254726 16254726 16437072 16437072 970350 970350 15893737 15893737
ENV 2 0 8388607 2 1 7381144803
MACH 89501 89501 787822 787822 15736545 15736545 525127 525127 303620 303620 15901130 15901130 923088 923088 16285401 16285401 16550986 16550986 867992 867992 15690162 15690162 749571 749571 247 247 16006482 16006482 1075906 1075906 16135417 16135417
ENV 3 0 8386488 2 1 7381144803
MACH 16491022 16491022 996115 996115 15891358 15891358 68203 68203 753621 753621 15799659 15799659 546633 546633 179677 179677 15967094 15967094 1045659 1045659 16036915 16036915 36853 36853 706870 706870 15696628 15696628 823230 823230 16754665 16754665
ENV 4 0 8384369 2 1 7381144803
MACH 15957211 15957211 1054957 1054957 16339543 16339543 16244131 16244131 1022774 1022774 16108327 16108327 16615689 16615689 830918 830918 15811752 15811752 579396 579396 133879 133879 15967597 15967597 1076565 1076565 16001041 16001041 40342 40342 742581 742581
ENV 5 0 8382251 2 1 7381144803
MACH 15694763 15694763 685982 685982 233046 233046 15800942 15800942 908747 908747 16678897 16678897 16030774 16030774 982961 982961 16239665 16239665 16570228 16570228 823432 823432 15744262 15744262 702213 702213 13046 13046 16041521 16041521 1071024 1071024
ENV 6 3 7577687 4 1 7381144803
MACH 15961908 15961908 66935 66935 752568 752568 15698424 15698424 616406 616406 316216 316216 15803155 15803155 861875 861875 16636382 16636382 16151363 16151363 979258 979258 15965044 15965044 229641 229641 503281 503281 15767541 15767541 1014711 1014711
ENV 7 0 6850348 4 1 7381144803
MACH 16294065 16294065 16439492 16439492 981817 981817 15785728 15785728 278883 278883 661947 661947 15720392 15720392 568319 568319 353651 353651 15826779 15826779 843859 843859 16562638 16562638 16267253 16267253 986267 986267 15817341 15817341 424071 424071
ENV 8 0 6192822 4 1 7381144803
MACH 352700 352700 15816941 15816941 1035928 1035928 16305204 16305204 16346486 16346486 1042954 1042954 15932735 15932735 16729052 16729052 875003 875003 15830952 15830952 278375 278375 546695 546695 15806135 15806135 827179 827179 16533871 16533871 16274782 16274782
ENV 9 0 5598408 4 1 7381144803
MACH 1010294 1010294 15781449 15781449 444882 444882 372053 372053 15785533 15785533 981498 981498 16507787 16507787 16113528 16113528 1062333 1062333 16198625 16198625 16426113 16426113 954827 954827 15939849 15939849 187682 187682 537757 537757 15788741 15788741
ENV 10 0 5061049 4 1 7381144803
MACH 939020 939020 16388819 16388819 16396017 16396017 964806 964806 15745855 15745855 491726 491726 383434 383434 15755167 15755167 909670 909670 16700328 16700328 15976610 15976610 994507 994507 16369779 16369779 16340940 16340940 943422 943422 15896825 15896825
ENV 11 0 4575268 4 1 7381144803
MACH 356611 356611 382544 382544 15824007 15824007 1043646 1043646 16195983 16195983 16558232 16558232 916164 916164 15734210 15734210 434600 434600 519535 519535 15719645 15719645 704944 704944 216990 216990 15861993 15861993 890716 890716 16508827 16508827
ENV 12 0 4136114 4 1 7381144803
MACH 16296985 16296985 962926 962926 15823024 15823024 433553 433553 334874 334874 15832395 15832395 1047792 1047792 16242763 16242763 16437038 16437038 1006266 1006266 15848402 15848402 106707 106707 791268 791268 15776227 15776227 399919 399919 463229 463229
ENV 13 0 3739112 4 1 7381144803
MACH 15820114 15820114 844443 844443 16497951 16497951 16318588 16318588 988685 988685 15766557 15766557 496475 496475 293580 293580 15842537 15842537 1029629 1029629 16325324 16325324 16312257 16312257 1048542 1048542 15967612 15967612 16720971 16720971 832092 832092
ENV 14 0 3380216 4 1 7381144803
MACH 15819575 15819575 440921 440921 306292 306292 15905618 15905618 1016542 1016542 16134428 16134428 16700243 16700243 777358 777358 15692794 15692794 790837 790837 16773278 16773278 15963109 15963109 1065665 1065665 16283043 16283043 16303727 16303727 1022756 1022756
ENV 15 0 3055768 4 1 7381144803
MACH 16050890 16050890 16675434 16675434 806918 806918 15808467 15808467 592591 592591 105652 105652 15993507 15993507 1075213 1075213 15968945 15968945 94729 94729 696275 696275 15694410 15694410 748891 748891 145918 145918 15838026 15838026 954032 954032
ENVSET 0 0 0 0 16
ENV 0 1 4194304 0 0 7381144803
MACH 16750822 16750822 16426810 16426810 16182667 16182667 16351432 16351432 16610010 16610010 891439 891439 16042076 16042076 16644220 16644220 1181312 1181312 16641345 16641345 411972 411972 16710848 16710848 485532 485532 499992 499992 296615 296615 16020874 16020874
ENV 1 0 8388607 1 1 7381144803
MACH 642893 642893 533121 533121 16117311 16117311 240303 240303 337116 337116 15998925 15998925 930136 930136 16096271 16096271 77091 77091 632673 632673 15667883 15667883 1090872 1090872 16254726 16254726 16437072 16437072 970350 970350 15893737 15893737
ENV 2 0 8388607 2 1 7381144803
MACH 89501 89501 787822 787822 15736545 15736545 525127 525127 303620 303620 15901130 15901130 923088 923088 16285401 16285401 16550986 16550986 867992 867992 15690162 15690162 749571 749571 247 247 16006482 16006482 1075906 1075906 16135417 16135417
ENV 3 0 7530344 2 1 7381144803
MACH 16491022 16491022 996115 996115 15891358 15891358 68203 68203 753621 753621 15799659 15799659 546633 546633 179677 179677 15967094 15967094 1045659 1045659 16036915 16036915 36853 36853 706870 706870 15696628 15696628 823230 823230 16754665 16754665
ENV 4 0 6759892 2 1 7381144803
MACH 15957211 15957211 1054957 1054957 16339543 16339543 16244131 16244131 1022774 1022774 16108327 16108327 16615689 16615689 830918 830918 15811752 15811752 579396 579396 133879 133879 15967597 15967597 1076565 1076565 16001041 16001041 40342 40342 742581 742581
ENV 5 0 6068267 2 1 7381144803
MACH 15694763 15694763 685982 685982 233046 233046 15800942 15800942 908747 908747 16678897 16678897 16030774 16030774 982961 982961 16239665 16239665 16570228 16570228 823432 823432 15744262 15744262 702213 702213 13046 13046 16041521 16041521 1071024 1071024
ENV 6 3 5485809 4 1 7381144803
MACH 15961908 15961908 66935 66935 752568 752568 15698424 15698424 616406 616406 316216 316216 15803155 15803155 861875 861875 16636382 16636382 16151363 16151363 979258 979258 15965044 15965044 229641 229641 503281 503281 15767541 15767541 1014711 1014711
ENV 7 0 4959257 4 1 7381144803
MACH 16294065 16294065 16439492 16439492 981817 981817 15785728 15785728 278883 278883 661947 661947 15720392 15720392 568319 568319 353651 353651 15826779 15826779 843859 843859 16562638 16562638 16267253 16267253 986267 986267 15817341 15817341 424071 424071
ENV 8 0 4483246 4 1 7381144803
MACH 352700 352700 15816941 15816941 1035928 1035928 16305204 16305204 16346486 16346486 1042954 1042954 15932735 15932735 16729052 16729052 875003 875003 15830952 15830952 278375 278375 546695 546695 15806135 15806135 827179 827179 16533871 16533871 16274782 16274782
ENV 9 0 4052925 4 1 7381144803
MACH 1010294 1010294 15781449 15781449 444882 444882 372053 372053 15785533 15785533 981498 981498 16507787 16507787 16113528 16113528 1062333 1062333 16198625 16198625 16426113 16426113 954827 954827 15939849 15939849 187682 187682 537757 537757 15788741 15788741
ENV 10 0 3663908 4 1 7381144803
MACH 939020 939020 16388819 16388819 16396017 16396017 964806 964806 15745855 15745855 491726 491726 383434 383434 15755167 15755167 909670 909670 16700328 16700328 15976610 15976610 994507 994507 16369779 16369779 16340940 16340940 943422 943422 15896825 15896825
ENV 11 0 3312230 4 1 7381144803
MACH 356611 356611 382544 382544 15824007 15824007 1043646 1043646 16195983 16195983 16558232 16558232 916164 916164 15734210 15734210 434600 434600 519535 519535 15719645 15719645 704944 704944 216990 216990 15861993 15861993 890716 890716 16508827 16508827
ENV 12 0 2994308 4 1 7381144803
MACH 16296985 16296985 962926 962926 15823024 15823024 433553 433553 334874 334874 15832395 15832395 1047792 1047792 16242763 16242763 16437038 16437038 1006266 1006266 15848402 15848402 106707 106707 791268 791268 15776227 15776227 399919 399919 463229 463229
ENV 13 0 2706901 4 1 7381144803
MACH 15820114 15820114 844443 844443 16497951 16497951 16318588 16318588 988685 988685 15766557 15766557 496475 496475 293580 293580 15842537 15842537 1029629 1029629 16325324 16325324 16312257 16312257 1048542 1048542 15967612 15967612 16720971 16720971 832092 832092
ENV 14 0 2447081 4 1 7381144803
MACH 15819575 15819575 440921 440921 306292 306292 15905618 15905618 1016542 1016542 16134428 16134428 16700243 16700243 777358 777358 15692794 15692794 790837 790837 16773278 16773278 15963109 15963109 1065665 1065665 16283043 16283043 16303727 16303727 1022756 1022756
ENV 15 0 2212199 4 1 7381144803
MACH 16050890 16050890 16675434 16675434 806918 806918 15808467 15808467 592591 592591 105652 105652 15993507 15993507 1075213 1075213 15968945 15968945 94729 94729 696275 696275 15694410 15694410 748891 748891 145918 145918 15838026 15838026 954032 954032
ENVSET 0 32 90 40 72
ENV 0 1 4194304 0 0 7381144803
MACH 16750822 16750822 16426810 16426810 16182667 16182667 16351432 16351432 16610010 16610010 891439 891439 16042076 16042076 16644220 16644220 1181312 1181312 16641345 16641345 411972 411972 16710848 16710848 485532 485532 499992 499992 296615 296615 16020874 16020874
ENV 1 0 8388607 1 1 7381144803
MACH 642893 642893 533121 533121 16117311 16117311 240303 240303 337116 337116 15998925 15998925 930136 930136 16096271 16096271 77091 77091 632673 632673 15667883 15667883 1090872 1090872 16254726 16254726 16437072 16437072 970350 970350 15893737 15893737
ENV 2 0 8388607 1 2 7381144803
MACH 89501 89501 787822 787822 15736545 15736545 525127 525127 303620 303620 15901130 15901130 923088 923088 16285401 16285401 16550986 16550986 867992 867992 15690162 15690162 749571 749571 247 247 16006482 16006482 1075906 1075906 16135417 16135417
ENV 3 0 8388607 1 3 7381144803
MACH 16491022 16491022 996115 996115 15891358 15891358 68203 68203 753621 753621 15799659 15799659 546633 546633 179677 179677 15967094 15967094 1045659 1045659 16036915 16036915 36853 36853 706870 706870 15696628 15696628 823230 823230 16754665 16754665
ENV 4 0 8388607 1 4 7381144803
MACH 15957211 15957211 1054957 1054957 16339543 16339543 16244131 16244131 1022774 1022774 16108327 16108327 16615689 16615689 830918 830918 15811752 15811752 579396 579396 133879 133879 15967597 15967597 1076565 1076565 16001041 16001041 40342 40342 742581 742581
ENV 5 0 8388607 1 5 7381144803
MACH 15694763 15694763 685982 685982 233046 233046 15800942 15800942 908747 908747 16678897 16678897 16030774 16030774 982961 982961 16239665 16239665 16570228 16570228 823432 823432 15744262 15744262 702213 702213 13046 13046 16041521 16041521 1071024 1071024
ENV 6 0 8388607 1 6 7381144803
MACH 15961908 15961908 66935 66935 752568 752568 15698424 15698424 616406 616406 316216 316216 15803155 15803155 861875 861875 16636382 16636382 16151363 16151363 979258 979258 15965044 15965044 229641 229641 503281 503281 15767541 15767541 1014711 1014711
ENV 7 0 8388607 1 7 7381144803
MACH 16294065 16294065 16439492 16439492 981817 981817 15785728 15785728 278883 278883 661947 661947 15720392 15720392 568319 568319 353651 353651 15826779 15826779 843859 843859 16562638 16562638 16267253 16267253 986267 986267 15817341 15817341 424071 424071
ENV 8 0 8388607 1 8 7381144803
MACH 352700 352700 15816941 15816941 1035928 1035928 16305204 16305204 16346486 16346486 1042954 1042954 15932735 15932735 16729052 16729052 875003 875003 15830952 15830952 278375 278375 546695 546695 15806135 15806135 827179 827179 16533871 16533871 16274782 16274782
ENV 9 0 8388607 1 9 7381144803
MACH 1010294 1010294 15781449 15781449 444882 444882 372053 372053 15785533 15785533 981498 981498 16507787 16507787 16113528 16113528 1062333 1062333 16198625 16198625 16426113 16426113 954827 954827 15939849 15939849 187682 187682 537757 537757 15788741 15788741
ENV 10 0 8388607 1 10 7381144803
MACH 939020 939020 16388819 16388819 16396017 16396017 964806 964806 15745855 15745855 491726 491726 383434 383434 15755167 15755167 909670 909670 16700328 16700328 15976610 15976610 994507 994507 16369779 16369779 16340940 16340940 943422 943422 15896825 15896825
ENV 11 0 8388607 1 11 7381144803
MACH 356611 356611 382544 382544 15824007 15824007 1043646 1043646 16195983 16195983 16558232 16558232 916164 916164 15734210 15734210 434600 434600 519535 519535 15719645 15719645 704944 704944 216990 216990 15861993 15861993 890716 890716 16508827 16508827
ENV 12 0 8388607 1 12 7381144803
MACH 16296985 16296985 962926 962926 15823024 15823024 433553 433553 334874 334874 15832395 15832395 1047792 1047792 16242763 16242763 16437038 16437038 1006266 1006266 15848402 15848402 106707 106707 791268 791268 15776227 15776227 399919 399919 463229 463229
ENV 13 0 8388607 1 13 7381144803
MACH 15820114 15820114 844443 844443 16497951 16497951 16318588 16318588 988685 988685 15766557 15766557 496475 496475 293580 293580 15842537 15842537 1029629 1029629 16325324 16325324 16312257 16312257 1048542 1048542 15967612 15967612 16720971 16720971 832092 832092
ENV 14 0 8388607 1 14 7381144803
MACH 15819575 15819575 440921 440921 306292 306292 15905618 15905618 1016542 1016542 16134428 16134428 16700243 16700243 777358 777358 15692794 15692794 790837 790837 16773278 16773278 15963109 15963109 1065665 1065665 16283043 16283043 16303727 16303727 1022756 1022756
ENV 15 0 8388607 1 15 7381144803
MACH 16050890 16050890 16675434 16675434 806918 806918 15808467 15808467 592591 592591 105652 105652 15993507 15993507 1075213 1075213 15968945 15968945 94729 94729 696275 696275 15694410 15694410 748891 748891 145918 145918 15838026 15838026 954032 954032
ENV 16 0 8388607 1 16 7381144803
MACH 16605361 16605361 16064219 16064219 992679 992679 16230446 16230446 16555469 16555469 832755 832755 15761646 15761646 662034 662034 60283 60283 16008758 16008758 1079661 1079661 15985043 15985043 16322 16322 799179 799179 15705633 15705633 530223 530223
ENV 17 0 8388607 1 17 7381144803
MACH 436375 436375 15756600 15756600 754539 754539 76356 76356 15976489 15976489 968294 968294 16196511 16196511 16663244 16663244 786337 786337 15704964 15704964 800338 800338 16676297 16676297 16114230 16114230 1066024 1066024 15953725 15953725 19475 19475
ENV 18 0 8388607 1 18 7381144803
MACH 822192 822192 15728464 15728464 456506 456506 461612 461612 15795110 15795110 787874 787874 16666547 16666547 16183404 16183404 999201 999201 15863449 15863449 353781 353781 407284 407284 15797962 15797962 1034368 1034368 16293689 16293689 16379616 16379616
ENV 19 0 8388607 1 19 7381144803
MACH 1028091 1028091 15884729 15884729 38876 38876 830898 830898 15795001 15795001 348880 348880 501991 501991 15812686 15812686 831270 831270 16521140 16521140 16293737 16293737 999250 999250 15773514 15773514 471506 471506 338705 338705 15802538 15802538
ENV 20 0 8388607 1 20 7381144803
MACH 1003950 1003950 16449662 16449662 16163522 16163522 1067090 1067090 16150864 16150864 16460789 16460789 954843 954843 15937642 15937642 160814 160814 576983 576983 15787072 15787072 895397 895397 16462350 16462350 16324349 16324349 995548 995548 15769559 15769559
ENV 21 0 8388607 1 21 7381144803
MACH 441568 441568 417964 417964 15749275 15749275 909025 909025 16690928 16690928 15980535 15980535 1006612 1006612 16359314 16359314 16335131 16335131 950009 950009 15918557 15918557 312955 312955 417046 417046 15810659 15810659 1030316 1030316 16218574 16218574
ENV 22 0 8388607 1 22 7381144803
MACH 16556329 16556329 898581 898581 15722657 15722657 517969 517969 407450 407450 15741219 15741219 832316 832316 36411 36411 15945930 15945930 956494 956494 16359247 16359247 16432151 16432151 894905 894905 15779330 15779330 579100 579100 159191 159191
ENV 23 0 8388607 1 23 7381144803
MACH 15939919 15939919 1083333 1083333 16060391 16060391 16669778 16669778 887587 887587 15741358 15741358 369672 369672 597097 597097 15740270 15740270 609175 609175 264213 264213 15882160 15882160 918172 918172 16353013 16353013 16471636 16471636 909278 909278
ENV 24 0 8388607 1 24 7381144803
MACH 15725250 15725250 640089 640089 128701 128701 15930246 15930246 1071635 1071635 16186920 16186920 16444105 16444105 1015063 1015063 15906952 15906952 9884 9884 817777 817777 15813691 15813691 411325 411325 371413 371413 15869545 15869545 974544 974544
ENV 25 0 8388607 1 25 7381144803
MACH 16252154 16252154 16552682 16552682 875001 875001 15709225 15709225 677918 677918 105877 105877 15929360 15929360 1058546 1058546 16245251 16245251 16383920 16383920 1006862 1006862 15934422 15934422 84362 84362 679944 679944 15795308 15795308 739842 739842
ENV 26 0 8388607 1 26 7381144803
MACH 16643939 16643939 16201871 16201871 1031001 1031001 15790263 15790263 438454 438454 362148 362148 15795022 15795022 1004593 1004593 16444997 16444997 16172694 16172694 1065691 1065691 16130527 16130527 16496654 16496654 936269 936269 15908709 15908709 231379 231379
ENV 27 0 8388607 1 27 7381144803
MACH 507372 507372 15803929 15803929 946228 946228 16361611 16361611 16425003 16425003 954857 954857 15732255 15732255 516262 516262 365385 365385 15759830 15759830 908210 908210 16712937 16712937 15958186 15958186 987990 987990 16419726 16419726 16276002 16276002
ENV 28 0 8388607 1 28 7381144803
MACH 966125 966125 15953779 15953779 239606 239606 498609 498609 15771847 15771847 992925 992925 16323989 16323989 16429615 16429615 971712 971712 15768996 15768996 356522 356522 576728 576728 15709715 15709715 683502 683502 243597 243597 15849249 15849249
ENV 29 0 8388607 1 29 7381144803
MACH 880140 880140 16538733 16538733 16266877 16266877 966809 966809 15841093 15841093 406160 406160 357710 357710 15827163 15827163 1043571 1043571 16228678 16228678 16478491 16478491 978956 978956 15800880 15800880 225198 225198 700075 700075 15746256 15746256
ENV 30 0 8388607 1 30 7381144803
MACH 534339 534339 328854 328854 15864067 15864067 906724 906724 16365481 16365481 16463091 16463091 912384 912384 15719843 15719843 652860 652860 116281 116281 15933236 15933236 1073820 1073820 16193611 16193611 16426983 16426983 1021370 1021370 15929896 15929896
ENV 31 0 8388607 1 31 7381144803
MACH 16750609 16750609 835735 835735 15824343 15824343 388533 388533 388019 388019 15860250 15860250 974132 974132 16266147 16266147 16534512 16534512 889767 889767 15706078 15706078 644808 644808 194369 194369 15844766 15844766 1011198 1011198 16477138 16477138
ENV 32 0 8388607 1 32 7381144803
MACH 16122691 16122691 1037944 1037944 16222007 16222007 16446855 16446855 923898 923898 15889708 15889708 349130 349130 381794 381794 15829565 15829565 1031073 1031073 16208938 16208938 16573681 16573681 878552 878552 15718376 15718376 573639 573639 324276 324276
ENV 33 0 8388607 1 33 7381144803
MACH 15771066 15771066 910631 910631 16681902 16681902 16020460 16020460 988185 988185 16263695 16263695 16521124 16521124 845216 845216 15770539 15770539 654617 654617 54618 54618 16019895 16019895 1081128 1081128 15953120 15953120 76286 76286 748028 748028
ENV 34 0 8388607 1 34 7381144803
MACH 15696290 15696290 611839 611839 344369 344369 15776085 15776085 820365 820365 16765035 16765035 16023067 16023067 978374 978374 16154541 16154541 16718296 16718296 743928 743928 15710363 15710363 841039 841039 16616634 16616634 16146831 16146831 1072974 1072974
ENV 35 0 8388607 1 35 7381144803
MACH 15941756 15941756 16776385 16776385 854992 854992 15755408 15755408 334197 334197 603093 603093 15769885 15769885 635855 635855 142205 142205 15985108 15985108 1007077 1007077 16082744 16082744 16770975 16770975 726233 726233 15700650 15700650 843502 843502
ENV 36 0 8388607 1 36 7381144803
MACH 16667629 16667629 16056868 16056868 1082330 1082330 16130070 16130070 16472724 16472724 993636 993636 15934745 15934745 30711 30711 753934 753934 15799389 15799389 598906 598906 92684 92684 16012064 16012064 1064892 1064892 15966399 15966399 122540 122540
ENV 37 0 8388607 1 37 7381144803
MACH 640047 640047 15720837 15720837 859009 859009 16669185 16669185 16034223 16034223 1073700 1073700 16182931 16182931 16455820 16455820 949707 949707 15908041 15908041 230852 230852 503276 503276 15821262 15821262 951097 951097 16314579 16314579 16496755 16496755
ENV 38 0 8388607 1 38 7381144803
MACH 905690 905690 15702037 15702037 649834 649834 185798 185798 15850076 15850076 1016052 1016052 16462225 16462225 16139141 16139141 1036473 1036473 16196456 16196456 16487072 16487072 902847 902847 15864345 15864345 416702 416702 312522 312522 15864662 15864662
ENV 39 0 8388607 1 39 7381144803
MACH 1053360 1053360 16136141 16136141 16646033 16646033 852626 852626 15706046 15706046 573638 573638 359289 359289 15752592 15752592 844148 844148 35339 35339 15933493 15933493 949205 949205 16407975 16407975 16364801 16364801 926504 926504 15817082 15817082
ENV 40 0 8388607 1 40 7381144803
MACH 479942 479942 277307 277307 15869980 15869980 1063472 1063472 16151313 16151313 16573192 16573192 930591 930591 15759192 15759192 329333 329333 624023 624023 15734791 15734791 599494 599494 279959 279959 15873075 15873075 908498 908498 16380719 16380719
ENV 41 0 8388607 1 41 7381144803
MACH 16450363 16450363 916416 916416 15730433 15730433 629965 629965 127442 127442 15943779 15943779 1074087 1074087 16136909 16136909 16525050 16525050 979086 979086 15837061 15837061 143595 143595 733063 733063 15782663 15782663 526262 526262 254437 254437
ENV 42 0 8388607 1 42 7381144803
MACH 15928493 15928493 999908 999908 16144180 16144180 16693610 16693610 781122 781122 15692227 15692227 796311 796311 16753571 16753571 15985238 15985238 1073095 1073095 16236887 16236887 16344934 16344934 1027310 1027310 16029276 16029276 16665518 16665518 835185 835185
ENV 43 0 8388607 1 43 7381144803
MACH 15825947 15825947 493117 493117 224141 224141 15921535 15921535 1058347 1058347 16071734 16071734 16743236 16743236 775297 775297 15694501 15694501 707054 707054 175069 175069 15830263 15830263 967534 967534 16589006 16589006 16060634 16060634 1000431 1000431
ENV 44 0 8388607 1 44 7381144803
MACH 16258280 16258280 16492013 16492013 871443 871443 15801049 15801049 568837 568837 164305 164305 15941485 15941485 1076185 1076185 16038338 16038338 16758829 16758829 786713 786713 15703155 15703155 622632 622632 298449 298449 15791762 15791762 888547 888547
ENV 45 0 8388607 1 45 7381144803
MACH 16649246 16649246 16102037 16102037 984798 984798 16076380 16076380 62465 62465 633247 633247 15733702 15733702 938764 938764 16425845 16425845 16339707 16339707 1006997 1006997 15791798 15791798 307665 307665 612682 612682 15704753 15704753 661439 661439
ENV 46 0 8388607 1 46 7381144803
MACH 277358 277358 15830348 15830348 859443 859443 16596659 16596659 16207052 16207052 980422 980422 15888076 15888076 319687 319687 440789 440789 15784854 15784854 1021732 1021732 16311805 16311805 16377715 16377715 1023817 1023817 15865149 15865149 79791 79791
ENV 47 0 8388607 1 47 7381144803
MACH 813907 813907 15775323 15775323 361411 361411 521598 521598 15800160 15800160 780008 780008 16626456 16626456 16206189 16206189 1024090 1024090 15829808 15829808 367057 367057 423090 423090 15779869 15779869 990202 990202 16443338 16443338 16195399 16195399
ENV 48 0 8388607 1 48 7381144803
MACH 1072515 1072515 16073278 16073278 16547602 16547602 934257 934257 15897738 15897738 202996 202996 561931 561931 15803619 15803619 882889 882889 16457236 16457236 16339061 16339061 986254 986254 15757087 15757087 500189 500189 321846 321846 15804011 15804011
ENV 49 0 8388607 1 49 7381144803
MACH 992297 992297 16483808 16483808 16141926 16141926 1048911 1048911 16148076 16148076 16540828 16540828 881256 881256 15848642 15848642 453504 453504 253424 253424 15908976 15908976 1063468 1063468 16058435 16058435 16764795 16764795 760031 760031 15691281 15691281
ENV 50 0 8388607 1 50 7381144803
MACH 725014 725014 157330 157330 15837703 15837703 969243 969243 16581156 16581156 16070521 16070521 999985 999985 16239723 16239723 16521942 16521942 854010 854010 15785578 15785578 607238 607238 119454 119454 15969599 15969599 1083227 1083227 16012749 16012749
ENV 51 0 8388607 1 51 7381144803
MACH 16758230 16758230 817983 817983 15709430 15709430 512316 512316 459797 459797 15742721 15742721 729517 729517 142573 142573 15922921 15922921 940482 940482 16323459 16323459 16508775 16508775 880232 880232 15727004 15727004 666232 666232 79573 79573
ENV 52 0 8388607 1 52 7381144803
MACH 15981207 15981207 1076133 1076133 16074821 16074821 16621319 16621319 927941 927941 15778966 15778966 272321 272321 645129 645129 15766831 15766831 611246 611246 172704 172704 15969231 15969231 997503 997503 16097359 16097359 16765270 16765270 723680 723680
ENV 53 0 8388607 1 53 7381144803
MACH 15701901 15701901 862743 862743 16618271 16618271 16110503 16110503 1081476 1081476 16045451 16045451 16591771 16591771 947742 947742 15858556 15858556 164904 164904 666196 666196 15789975 15789975 682957 682957 16758979 16758979 16099597 16099597 1051337 1051337
ENV 54 0 8388607 1 54 7381144803
MACH 15888124 15888124 254930 254930 536147 536147 15731317 15731317 924883 924883 16604259 16604259 16049860 16049860 1067412 1067412 16251347 16251347 16339158 16339158 997433 997433 16024926 16024926 16764997 16764997 722845 722845 15779352 15779352 751017 751017
ENV 55 0 8388607 1 55 7381144803
MACH 16689598 16689598 16127694 16127694 1062095 1062095 15866420 15866420 237774 237774 603786 603786 15703124 15703124 782978 782978 119748 119748 15853740 15853740 942857 942857 16581890 16581890 16117779 16117779 989359 989359 16113431 16113431 16753959 16753959
ENV 56 0 8388607 1 56 7381144803
MACH 707173 707173 15725902 15725902 850350 850350 16583953 16583953 16200613 16200613 1039272 1039272 15864084 15864084 231651 231651 620301 620301 15706784 15706784 756892 756892 108108 108108 15918385 15918385 965556 965556 16341236 16341236 16460495 16460495
ENV 57 0 8388607 2 56 7381144803
MACH 863531 863531 15778302 15778302 653494 653494 32633 32633 16047331 16047331 1084356 1084356 15897964 15897964 166087 166087 677014 677014 15694779 15694779 689905 689905 251299 251299 15806535 15806535 873814 873814 16676190 16676190 16080718 16080718
ENV 58 0 8386488 2 56 7381144803
MACH 984340 984340 16096428 16096428 19535 19535 685138 685138 15717948 15717948 889164 889164 16536931 16536931 16215388 16215388 1057040 1057040 15891084 15891084 84413 84413 799980 799980 15733328 15733328 414785 414785 533551 533551 15773794 15773794
ENV 59 0 8384369 2 56 7381144803
MACH 694551 694551 66137 66137 16032549 16032549 1010965 1010965 16026410 16026410 74176 74176 663299 663299 15711678 15711678 893841 893841 16580961 16580961 16126676 16126676 1080989 1080989 16056039 16056039 16566132 16566132 958795 958795 15883522 15883522
ENV 60 0 8382251 2 56 7381144803
MACH 122310 122310 692953 692953 15791620 15791620 664638 664638 5535 5535 16076748 16076748 1058833 1058833 15907754 15907754 217946 217946 565247 565247 15728178 15728178 905459 905459 16626233 16626233 16041210 16041210 1069120 1069120 16236207 16236207
ENV 61 0 8380133 2 56 7381144803
MACH 16369759 16369759 984130 984130 15987494 15987494 66328 66328 655219 655219 15779017 15779017 833041 833041 16559007 16559007 16242337 16242337 1030030 1030030 15795261 15795261 368367 368367 496182 496182 15723315 15723315 849750 849750 27773 27773
ENV 62 0 8378016 2 56 7381144803
MACH 15900634 15900634 969077 969077 16509551 16509551 16178765 16178765 986391 986391 16051545 16051545 68866 68866 640697 640697 15734452 15734452 905252 905252 16494392 16494392 16267017 16267017 1035539 1035539 15836767 15836767 210079 210079 695305 695305
ENV 63 0 8375899 2 56 7381144803
MACH 15704646 15704646 570396 570396 392072 392072 15788611 15788611 782494 782494 16748048 16748048 16080176 16080176 995172 995172 16003870 16003870 125328 125328 617960 617960 15725704 15725704 931584 931584 16483278 16483278 16239865 16239865 1055957 1055957
ENV 64 0 8373783 2 56 7381144803
MACH 15917579 15917579 17896 17896 840948 840948 15771264 15771264 366180 366180 513729 513729 15801811 15801811 787783 787783 16611057 16611057 16232245 16232245 1010497 1010497 15808238 15808238 422281 422281 359750 359750 15811006 15811006 1025145 1025145
ENV 65 0 8371667 2 56 7381144803
MACH 16347048 16347048 16292055 16292055 1057046 1057046 15985860 15985860 16662162 16662162 889425 889425 15850617 15850617 288902 288902 498841 498841 15822315 15822315 906303 906303 16401781 16401781 16398803 16398803 959306 959306 15730999 15730999 553700 553700
ENV 66 0 8369552 2 56 7381144803
MACH 285716 285716 15807583 15807583 989153 989153 16524048 16524048 16085342 16085342 1043740 1043740 16261463 16261463 16381826 16381826 955485 955485 15942967 15942967 218965 218965 505304 505304 15783681 15783681 971787 971787 16344961 16344961 16427180 16427180
ENV 67 0 8367437 2 56 7381144803
MACH 959880 959880 15748753 15748753 449061 449061 460060 460060 15725875 15725875 818302 818302 80236 80236 15898131 15898131 937730 937730 16482188 16482188 16269973 16269973 957860 957860 15892852 15892852 343231 343231 409230 409230 15805036 15805036
ENV 68 0 8365323 2 56 7381144803
MACH 1032254 1032254 16237811 16237811 16512557 16512557 934318 934318 15753666 15753666 401212 401212 531656 531656 15726708 15726708 736094 736094 120430 120430 15941204 15941204 952429 952429 16278827 16278827 16574487 16574487 828093 828093 15716756 15716756
ENV 69 0 8363209 2 56 7381144803
MACH 758878 758878 16719915 16719915 16081409 16081409 1080886 1080886 15960171 15960171 16772621 16772621 846150 846150 15739130 15739130 380401 380401 571127 571127 15763298 15763298 654930 654930 141249 141249 15976195 15976195 990862 990862 16113652 16113652
ENV 70 0 8361096 2 56 7381144803
MACH 16741372 16741372 744041 744041 15697644 15697644 838010 838010 16669225 16669225 16062735 16062735 1083081 1083081 16109688 16109688 16497990 16497990 992306 992306 15919852 15919852 27536 27536 774836 774836 15804610 15804610 534159 534159 187819 187819
ENV 71 0 8358983 2 56 7381144803
MACH 15953899 15953899 1050843 1050843 16051907 16051907 6407 6407 731398 731398 15698951 15698951 788457 788457 27007 27007 15926656 15926656 1044928 1044928 16372624 16372624 16227797 16227797 1017009 1017009 16102054 16102054 16651270 16651270 797019 797019
VPSET 0 0 4
VP 0 4194304 0 0 7381144803 0 0 0 0 0 0 0 0 0 0 0 0 0 0 0 0 0 0 0 0 0 0 0 0 0 0 0 0 0 0 0 0
VP 1 8388607 0 0 7381144803 0 0 0 0 0 0 0 0 0 0 0 0 0 0 0 0 0 0 0 0 0 0 0 0 0 0 0 0 0 0 0 0
VP 2 8388607 0 0 7381144803 0 0 0 0 0 0 0 0 0 0 0 0 0 0 0 0 0 0 0 0 0 0 0 0 0 0 0 0 0 0 0 0
VP 3 8388607 0 0 7381144803 0 0 0 0 0 0 0 0 0 0 0 0 0 0 0 0 0 0 0 0 0 0 0 0 0 0 0 0 0 0 0 0
VPSET 0 32 4
VP 0 4194304 0 0 7381144803 0 0 0 0 6250 0 11582 0 20688 0 19513 0 29364 0 23843 0 35015 0 24617 0 31003 0 21882 0 26555 0 15685 0 14283 0 6073 0
VP 1 8388607 0 0 7381144803 103880 0 103650 0 193253 0 100613 0 242756 0 94175 0 152579 0 84383 0 199621 0 71281 0 98819 0 54914 0 83665 0 35326 0 34886 0 12560 0
VP 2 8388607 0 0 7381144803 207215 0 200087 0 367234 0 183433 0 449343 0 163617 0 267182 0 140681 0 352728 0 114669 0 161878 0 85621 0 136768 0 53581 0 54037 0 18589 0
VP 3 8388607 0 0 7381144803 303232 0 289686 0 528871 0 260368 0 641257 0 228111 0 373624 0 192958 0 494937 0 154949 0 220428 0 114124 0 186074 0 70523 0 71813 0 24183 0
VPSET 0 64 4
VP 0 4194304 0 0 7381144803 0 0 0 0 11534 0 21373 0 38179 0 36011 0 54189 0 44000 0 64618 0 45429 0 57213 0 40382 0 49005 0 28946 0 26359 0 11207 0
VP 1 8388607 0 0 7381144803 191701 0 191277 0 356631 0 185671 0 447983 0 173792 0 281569 0 155721 0 368382 0 131543 0 182362 0 101340 0 154396 0 65192 0 64379 0 23180 0
VP 2 8388607 0 0 7381144803 382396 0 369242 0 677697 0 338509 0 829221 0 301939 0 493059 0 259614 0 650927 0 211610 0 298730 0 158006 0 252393 0 98879 0 99720 0 34305 0
VP 3 8388607 0 0 7381144803 559586 0 534589 0 975983 0 480483 0 1183380 0 420957 0 689487 0 356086 0 913359 0 285945 0 406779 0 210606 0 343382 0 130143 0 132524 0 44629 0
VPSET 0 127 4
VP 0 4194304 0 0 7381144803 0 0 0 0 16212 0 30043 0 53665 0 50618 0 76170 0 61848 0 90829 0 63855 0 80420 0 56762 0 68882 0 40688 0 37051 0 15753 0
VP 1 8388607 0 0 7381144803 269459 0 268863 0 501288 0 260983 0 629695 0 244285 0 395780 0 218885 0 517806 0 184901 0 256331 0 142445 0 217022 0 91635 0 90492 0 32582 0
VP 2 8388607 0 0 7381144803 537503 0 519013 0 952582 0 475814 0 1165568 0 424412 0 693053 0 364918 0 914955 0 297443 0 419901 0 222097 0 354769 0 138987 0 140169 0 48220 0
VP 3 8388607 0 0 7381144803 786564 0 751428 0 1371860 0 675375 0 1663381 0 591705 0 969155 0 500521 0 1283835 0 401929 0 571776 0 296032 0 482664 0 182932 0 186278 0 62731 0
VPSET 64 0 4
VP 0 4194304 0 1048575 7381144803 0 0 0 0 0 0 0 0 0 0 0 0 0 0 0 0 0 0 0 0 0 0 0 0 0 0 0 0 0 0 0 0
VP 1 8388607 0 2097150 7381144803 0 0 0 0 0 0 0 0 0 0 0 5767166 0 0 0 0 0 0 0 0 0 0 1802238 0 0 0 0 0 0 0 0 0
VP 2 8388607 0 2097150 7381144803 0 0 0 0 0 0 0 0 0 0 0 5767166 0 5242878 0 4718590 0 4194302 0 3670014 0 3145726 1802238 2621438 0 2097150 983039 1572862 0 1048574 294911 524286
VP 3 8388607 0 2097150 7381144803 2022967 8388574 7864287 12844992 6881250 0 13582284 0 5160936 0 0 5767166 14780383 5242878 0 4718590 2580467 4194302 0 3670014 0 3145726 1802238 2621438 16278007 2097150 983039 1572862 0 1048574 294911 524286
VPSET 64 32 4
VP 0 4194304 404242 967211 7381144803 0 0 0 0 6250 0 11582 0 20688 0 19513 1667489 29364 0 23843 0 35015 0 24617 0 31003 0 542972 0 26555 0 15685 0 14283 0 6073 0
VP 1 8388607 808485 1934422 7381144803 103880 0 103650 0 193253 0 100613 0 242756 0 94175 5767166 152579 0 84383 0 199621 0 71281 0 98819 0 1857153 0 83665 0 35326 0 34886 0 12560 0
VP 2 8388607 808485 1934422 7381144803 209079 0 200087 0 367234 0 183433 0 449343 0 163617 5767166 267182 5242878 140681 4718590 352728 4194302 114669 3670014 161878 3145726 1887860 2621438 136768 2097150 1036620 1572862 54037 1048574 313501 524286
VP 3 8388607 808485 1934422 7381144803 2339020 8388606 8154003 9784153 7410148 0 11355721 0 5802214 0 228111 5767166 13599676 5242878 192958 4718590 3075415 4194302 154949 3670014 220428 3145726 1916363 2621438 16075500 2097150 1053562 1572862 71813 1048574 319095 524286
VPSET 64 64 4
VP 0 4194304 745990 736319 7381144803 0 0 0 0 11534 0 21373 0 38179 0 36011 3077204 54189 0 44000 0 64618 0 45429 0 57213 0 1002008 0 49005 0 28946 0 26359 0 11207 0
VP 1 8388607 1491980 1472637 7381144803 191701 0 191277 0 356631 0 185671 0 447983 0 173792 5767166 281569 0 155721 0 368382 0 131543 0 182362 0 1903579 0 154396 0 65192 0 64379 0 23180 0
VP 2 8388607 1491980 1472637 7381144803 387845 0 369242 0 677697 0 338509 0 829221 0 301939 5767166 493059 5242878 259614 4718590 650927 4194302 211610 3670014 298730 3145726 1960245 2621438 252393 2097150 1081918 1572862 99720 1048574 329217 524286
VP 3 8388607 1491980 1472637 7381144803 2610169 8388606 8388607 13806643 7848248 0 14844108 0 6337578 0 420957 5767166 15958209 5242878 356086 4718590 3490458 4194302 285945 3670014 406779 3145726 2012845 2621438 16743475 2097150 1113182 1572862 132524 1048574 339540 524286
VPSET 64 127 4
VP 0 4194304 1048575 16775607 7381144803 0 0 0 0 16212 0 30043 0 53665 0 50618 4325352 76170 0 61848 0 90829 0 63855 0 80420 0 1408434 0 68882 0 40688 0 37051 0 15753 0
VP 1 8388607 2097150 16773999 7381144803 269459 0 268863 0 501288 0 260983 0 629695 0 244285 5767166 395780 0 218885 0 517806 0 184901 0 256331 0 1944684 0 217022 0 91635 0 90492 0 32582 0
VP 2 8388607 2097150 16773999 7381144803 547016 0 519013 0 952582 0 475814 0 1165568 0 424412 5767166 693053 5242878 364918 4718590 914955 4194302 297443 3670014 419901 3145726 2024335 2621438 354769 2097150 1122026 1572862 140169 1048574 343132 524286
VP 3 8388607 2097150 16773999 7381144803 2851976 8388606 8388607 3841648 8054391 0 3796714 0 6675278 0 591705 5767166 2919991 5242878 500521 4718590 3789783 4194302 401929 3670014 571776 3145726 2098270 2621438 970373 2097150 1165971 1572862 186278 1048574 357642 524286
VPSET 127 0 4
VP 0 4194304 0 4129022 7381144803 0 0 0 0 0 0 0 0 0 0 0 0 0 0 0 0 0 0 0 0 0 0 0 0 0 0 0 0 0 0 0 0
VP 1 8388607 0 8258044 7381144803 0 0 0 0 0 0 0 0 0 0 0 5767166 0 0 0 0 0 0 0 0 0 0 1802238 0 0 0 0 0 0 0 0 0
VP 2 8388607 0 8258044 7381144803 0 0 0 0 0 0 0 0 0 0 0 5767166 0 5242878 0 4718590 0 4194302 0 3670014 0 3145726 1802238 2621438 0 2097150 983039 1572862 0 1048574 294911 524286
VP 3 8388607 0 8258044 7381144803 2027935 8388606 7864317 13105082 6881276 0 13793607 0 5160956 0 0 5767166 14912460 5242878 0 4718590 2580477 4194302 0 3670014 0 3145726 1802238 2621438 16311027 2097150 983039 1572862 0 1048574 294911 524286
VPSET 127 32 4
VP 0 4194304 1591805 3808632 7381144803 0 0 0 0 6250 0 11582 0 20688 0 19513 5767166 29364 0 23843 0 35015 0 24617 0 31003 0 1824121 0 26555 0 15685 0 14283 0 6073 0
VP 1 8388607 3183609 7617263 7381144803 103880 0 103650 0 193253 0 100613 0 242756 0 94175 5767166 152579 0 84383 0 199621 0 71281 0 98819 0 1857153 0 83665 0 35326 0 34886 0 12560 0
VP 2 8388607 3183609 7617263 7381144803 232618 0 200087 0 367234 0 183433 0 449343 0 163617 5767166 267182 5242878 140681 4718590 352728 4194302 114669 3670014 161878 3145726 1887860 2621438 136768 2097150 1036620 1572862 54037 1048574 313501 524286
VP 3 8388607 3183609 7617263 7381144803 2420396 8388606 8154003 3795 7410148 0 263451 0 5802214 0 228111 5767166 375551 5242878 192958 4718590 3075415 4194302 154949 3670014 220428 3145726 1916363 2621438 186556 2097150 1053562 1572862 71813 1048574 319095 524286
VPSET 127 64 4
VP 0 4194304 2937520 2899436 7381144803 0 0 0 0 11534 0 21373 0 38179 0 36011 5767166 54189 0 44000 0 64618 0 45429 0 57213 0 1842621 0 49005 0 28946 0 26359 0 11207 0
VP 1 8388607 5875039 5798872 7381144803 191701 0 191277 0 356631 0 185671 0 447983 0 173792 5767166 281569 0 155721 0 368382 0 131543 0 182362 0 1903579 0 154396 0 65192 0 64379 0 23180 0
VP 2 8388607 5875039 5798872 7381144803 422615 0 369242 0 677697 0 338509 0 829221 0 301939 5767166 493059 5242878 259614 4718590 650927 4194302 211610 3670014 298730 3145726 1960245 2621438 252393 2097150 1081918 1572862 99720 1048574 329217 524286
VP 3 8388607 5875039 5798872 7381144803 2752464 8388606 8388607 1093908 7848248 0 1369283 0 6337578 0 420957 5767166 1244987 5242878 356086 4718590 3490458 4194302 285945 3670014 406779 3145726 2012845 2621438 482257 2097150 1113182 1572862 132524 1048574 339540 524286
VPSET 127 127 4
VP 0 4194304 4129022 16770882 7381144803 0 0 0 0 16212 0 30043 0 53665 0 50618 5767166 76170 0 61848 0 90829 0 63855 0 80420 0 1859000 0 68882 0 40688 0 37051 0 15753 0
VP 1 8388607 8258044 16764548 7381144803 269459 0 268863 0 501288 0 260983 0 629695 0 244285 5767166 395780 0 218885 0 517806 0 184901 0 256331 0 1944684 0 217022 0 91635 0 90492 0 32582 0
VP 2 8388607 8258044 16764548 7381144803 587450 0 519013 0 952582 0 475814 0 1165568 0 424412 5767166 693053 5242878 364918 4718590 914955 4194302 297443 3670014 419901 3145726 2024335 2621438 354769 2097150 1122026 1572862 140169 1048574 343132 524286
VP 3 8388607 8258044 16764548 7381144803 3041501 8388606 8388607 16176105 8054391 0 186973 0 6675278 0 591705 5767166 663904 5242878 500521 4718590 3789783 4194302 401929 3670014 571776 3145726 2098270 2621438 406352 2097150 1165971 1572862 186278 1048574 357642 524286
