# SID wavetable area P:$140800 (2048 слов, 439 non-zero factory-данных из blk3)
# base P:$140800, 2048 слов, 24-bit BE, 3 байта/слово
# значение как Q1.23: v / 0x800000
+0000 P:140800: 000000 000000 000000 000000 000000 000000 000000 000000
+0008 P:140808: 000000 000000 000000 000000 000000 000000 000000 000000
+0010 P:140810: 000000 000000 000000 000000 000000 000000 000000 000000
+0018 P:140818: 000000 000000 000000 000000 000000 000000 000000 000000
+0020 P:140820: 000000 000000 000000 000000 000000 000000 000000 000000
+0028 P:140828: 000000 000000 000000 000000 000000 000000 000000 000000
+0030 P:140830: 000000 000000 000000 000000 000000 000000 000000 000000
+0038 P:140838: 000000 000000 000000 000000 000000 000000 000000 000000
+0040 P:140840: 000000 000000 000000 000000 000000 000000 000000 000000
+0048 P:140848: 000000 000000 000000 000000 000000 000000 000000 000000
+0050 P:140850: 000000 000000 000000 000000 000000 000000 000000 000000
+0058 P:140858: 000000 000000 000000 000000 000000 000000 000000 000000
+0060 P:140860: 000000 000000 000000 000000 000000 000000 000000 000000
+0068 P:140868: 000000 000000 000000 000000 000000 000000 000000 000000
+0070 P:140870: 000000 000000 000000 000000 000000 000000 000000 000000
+0078 P:140878: 000000 000000 000000 000000 000000 000000 000000 000000
+0080 P:140880: 000000 000000 000000 000000 000000 000000 000000 000000
+0088 P:140888: 000000 000000 000000 000000 000000 000000 000000 000000
+0090 P:140890: 000000 000000 000000 000000 000000 000000 000000 000000
+0098 P:140898: 000000 000000 000000 000000 000000 000000 000000 000000
+00A0 P:1408A0: 000000 000000 000000 000000 000000 000000 000000 000000
+00A8 P:1408A8: 000000 000000 000000 000000 000000 000000 000000 000000
+00B0 P:1408B0: 000000 000000 000000 000000 000000 000000 000000 000000
+00B8 P:1408B8: 000000 000000 000000 000000 000000 000000 000000 000000
+00C0 P:1408C0: 000000 000000 000000 000000 000000 000000 000000 000000
+00C8 P:1408C8: 000000 000000 000000 000000 000000 000000 000000 000000
+00D0 P:1408D0: 000000 000000 000000 000000 000000 000000 000000 000000
+00D8 P:1408D8: 000000 000000 000000 000000 000000 000000 000000 000000
+00E0 P:1408E0: 000000 000000 000000 000000 000000 000000 000000 000000
+00E8 P:1408E8: 000000 000000 000000 000000 000000 000000 000000 000000
+00F0 P:1408F0: 000000 000000 000000 000000 000000 000000 000000 000000
+00F8 P:1408F8: 000000 000000 000000 000000 000000 000000 000000 000000
+0100 P:140900: 000000 000000 000000 000000 000000 000000 000000 000000
+0108 P:140908: 000000 000000 000000 000000 000000 000000 000000 000000
+0110 P:140910: 000000 000000 000000 000000 000000 000000 000000 000000
+0118 P:140918: 000000 000000 000000 000000 000000 000000 000000 000000
+0120 P:140920: 000000 000000 000000 000000 000000 000000 000000 000000
+0128 P:140928: 000000 000000 000000 000000 000000 000000 000000 000000
+0130 P:140930: 000000 000000 000000 000000 000000 000000 000000 000000
+0138 P:140938: 000000 000000 000000 000000 000000 000000 000000 000000
+0140 P:140940: 000000 000000 000000 000000 000000 000000 000000 000000
+0148 P:140948: 000000 000000 000000 000000 000000 000000 000000 000000
+0150 P:140950: 000000 000000 000000 000000 000000 000000 000000 000000
+0158 P:140958: 000000 000000 000000 000000 000000 000000 000000 000000
+0160 P:140960: 000000 000000 000000 000000 000000 000000 000000 000000
+0168 P:140968: 000000 000000 000000 000000 000000 000000 000000 000000
+0170 P:140970: 000000 000000 000000 000000 000000 000000 000000 000000
+0178 P:140978: 000000 000000 000000 000000 000000 000000 000000 000000
+0180 P:140980: 000000 000000 000000 000000 000000 000000 000000 000000
+0188 P:140988: 000000 000000 000000 000000 000000 000000 000000 000000
+0190 P:140990: 000000 000000 000000 000000 000000 000000 000000 000000
+0198 P:140998: 000000 000000 000000 000000 000000 000000 000000 000000
+01A0 P:1409A0: 000000 000000 000000 000000 000000 000000 000000 000000
+01A8 P:1409A8: 000000 000000 000000 000000 000000 000000 000000 000000
+01B0 P:1409B0: 000000 000000 000000 000000 000000 000000 000000 000000
+01B8 P:1409B8: 000000 000000 000000 000000 000000 000000 000000 000000
+01C0 P:1409C0: 000000 000000 000000 000000 000000 000000 000000 000000
+01C8 P:1409C8: 000000 000000 000000 000000 000000 000000 000000 000000
+01D0 P:1409D0: 000000 000000 000000 000000 000000 000000 000000 000000
+01D8 P:1409D8: 000000 000000 000000 000000 000000 000000 000000 000000
+01E0 P:1409E0: 000000 000000 000000 000000 000000 000000 000000 000000
+01E8 P:1409E8: 000000 000000 000000 000000 000000 000000 000000 000000
+01F0 P:1409F0: 000000 000000 000000 000000 000000 000000 000000 000000
+01F8 P:1409F8: 000000 000000 000000 000000 000000 200000 380000 3F0000
+0200 P:140A00: 000000 000000 000000 000000 000000 000000 000000 000000
+0208 P:140A08: 000000 000000 000000 000000 000000 000000 000000 000000
+0210 P:140A10: 000000 000000 000000 000000 000000 000000 000000 000000
+0218 P:140A18: 000000 000000 000000 000000 000000 000000 000000 000000
+0220 P:140A20: 000000 000000 000000 000000 000000 000000 000000 000000
+0228 P:140A28: 000000 000000 000000 000000 000000 000000 000000 000000
+0230 P:140A30: 000000 000000 000000 000000 000000 000000 000000 000000
+0238 P:140A38: 000000 000000 000000 000000 000000 000000 000000 000000
+0240 P:140A40: 000000 000000 000000 000000 000000 000000 000000 000000
+0248 P:140A48: 000000 000000 000000 000000 000000 000000 000000 000000
+0250 P:140A50: 000000 000000 000000 000000 000000 000000 000000 000000
+0258 P:140A58: 000000 000000 000000 000000 000000 000000 000000 000000
+0260 P:140A60: 000000 000000 000000 000000 000000 000000 000000 000000
+0268 P:140A68: 000000 000000 000000 000000 000000 000000 000000 000000
+0270 P:140A70: 000000 000000 000000 000000 000000 000000 000000 000000
+0278 P:140A78: 000000 000000 000000 000000 000000 000000 000000 000000
+0280 P:140A80: 000000 000000 000000 000000 000000 000000 000000 000000
+0288 P:140A88: 000000 000000 000000 000000 000000 000000 000000 000000
+0290 P:140A90: 000000 000000 000000 000000 000000 000000 000000 000000
+0298 P:140A98: 000000 000000 000000 000000 000000 000000 000000 000000
+02A0 P:140AA0: 000000 000000 000000 000000 000000 000000 000000 000000
+02A8 P:140AA8: 000000 000000 000000 000000 000000 000000 000000 000000
+02B0 P:140AB0: 000000 000000 000000 000000 000000 000000 000000 000000
+02B8 P:140AB8: 000000 000000 000000 000000 000000 000000 000000 000000
+02C0 P:140AC0: 000000 000000 000000 000000 000000 000000 000000 000000
+02C8 P:140AC8: 000000 000000 000000 000000 000000 000000 000000 000000
+02D0 P:140AD0: 000000 000000 000000 000000 000000 000000 000000 000000
+02D8 P:140AD8: 000000 000000 000000 000000 000000 000000 000000 000000
+02E0 P:140AE0: 000000 000000 000000 000000 000000 000000 000000 000000
+02E8 P:140AE8: 000000 000000 000000 000000 000000 000000 000000 000000
+02F0 P:140AF0: 000000 000000 000000 000000 000000 000000 000000 000000
+02F8 P:140AF8: 000000 000000 000000 400000 000000 400000 400000 5F0000
+0300 P:140B00: 000000 000000 000000 000000 000000 000000 000000 000000
+0308 P:140B08: 000000 000000 000000 000000 000000 000000 000000 000000
+0310 P:140B10: 000000 000000 000000 000000 000000 000000 000000 000000
+0318 P:140B18: 000000 000000 000000 000000 000000 000000 000000 000000
+0320 P:140B20: 000000 000000 000000 000000 000000 000000 000000 000000
+0328 P:140B28: 000000 000000 000000 000000 000000 000000 000000 000000
+0330 P:140B30: 000000 000000 000000 000000 000000 000000 000000 000000
+0338 P:140B38: 000000 000000 000000 000000 000000 000000 000000 000000
+0340 P:140B40: 000000 000000 000000 000000 000000 000000 000000 000000
+0348 P:140B48: 000000 000000 000000 000000 000000 000000 000000 000000
+0350 P:140B50: 000000 000000 000000 000000 000000 000000 000000 000000
+0358 P:140B58: 000000 000000 000000 000000 000000 000000 000000 000000
+0360 P:140B60: 000000 000000 000000 000000 000000 000000 000000 000000
+0368 P:140B68: 000000 000000 000000 000000 000000 000000 000000 400000
+0370 P:140B70: 000000 000000 000000 000000 000000 000000 000000 400000
+0378 P:140B78: 000000 000000 000000 600000 000000 600000 600000 6F0000
+0380 P:140B80: 000000 000000 000000 000000 000000 000000 000000 000000
+0388 P:140B88: 000000 000000 000000 000000 000000 000000 000000 000000
+0390 P:140B90: 000000 000000 000000 000000 000000 000000 000000 000000
+0398 P:140B98: 000000 000000 000000 000000 000000 000000 000000 400000
+03A0 P:140BA0: 000000 000000 000000 000000 000000 000000 000000 000000
+03A8 P:140BA8: 000000 000000 000000 000000 000000 000000 000000 600000
+03B0 P:140BB0: 000000 000000 000000 000000 000000 000000 000000 600000
+03B8 P:140BB8: 000000 000000 000000 600000 000000 600000 700000 770000
+03C0 P:140BC0: 000000 000000 000000 000000 000000 000000 000000 000000
+03C8 P:140BC8: 000000 000000 000000 000000 000000 000000 000000 600000
+03D0 P:140BD0: 000000 000000 000000 000000 000000 000000 000000 600000
+03D8 P:140BD8: 000000 000000 000000 700000 400000 700000 700000 7B0000
+03E0 P:140BE0: 000000 000000 000000 000000 000000 000000 400000 700000
+03E8 P:140BE8: 000000 400000 400000 700000 600000 700000 780000 7D0000
+03F0 P:140BF0: 000000 400000 600000 780000 600000 780000 780000 7E0000
+03F8 P:140BF8: 700000 7C0000 7C0000 7F0000 7E0000 7F0000 7F0000 7F0000
+0400 P:140C00: 000000 000000 000000 000000 000000 000000 000000 000000
+0408 P:140C08: 000000 000000 000000 000000 000000 000000 000000 000000
+0410 P:140C10: 000000 000000 000000 000000 000000 000000 000000 000000
+0418 P:140C18: 000000 000000 000000 000000 000000 000000 000000 000000
+0420 P:140C20: 000000 000000 000000 000000 000000 000000 000000 000000
+0428 P:140C28: 000000 000000 000000 000000 000000 000000 000000 000000
+0430 P:140C30: 000000 000000 000000 000000 000000 000000 000000 000000
+0438 P:140C38: 000000 000000 000000 000000 000000 000000 000000 000000
+0440 P:140C40: 000000 000000 000000 000000 000000 000000 000000 000000
+0448 P:140C48: 000000 000000 000000 000000 000000 000000 000000 000000
+0450 P:140C50: 000000 000000 000000 000000 000000 000000 000000 000000
+0458 P:140C58: 000000 000000 000000 000000 000000 000000 000000 000000
+0460 P:140C60: 000000 000000 000000 000000 000000 000000 000000 000000
+0468 P:140C68: 000000 000000 000000 000000 000000 000000 000000 000000
+0470 P:140C70: 000000 000000 000000 000000 000000 000000 000000 000000
+0478 P:140C78: 000000 000000 000000 000000 000000 000000 000000 800000
+0480 P:140C80: 000000 000000 000000 000000 000000 000000 000000 000000
+0488 P:140C88: 000000 000000 000000 000000 000000 000000 000000 000000
+0490 P:140C90: 000000 000000 000000 000000 000000 000000 000000 000000
+0498 P:140C98: 000000 000000 000000 000000 000000 000000 000000 000000
+04A0 P:140CA0: 000000 000000 000000 000000 000000 000000 000000 000000
+04A8 P:140CA8: 000000 000000 000000 000000 000000 000000 000000 000000
+04B0 P:140CB0: 000000 000000 000000 000000 000000 000000 000000 000000
+04B8 P:140CB8: 000000 000000 000000 000000 000000 000000 000000 800000
+04C0 P:140CC0: 000000 000000 000000 000000 000000 000000 000000 000000
+04C8 P:140CC8: 000000 000000 000000 000000 000000 000000 000000 000000
+04D0 P:140CD0: 000000 000000 000000 000000 000000 000000 000000 000000
+04D8 P:140CD8: 000000 000000 000000 000000 000000 000000 000000 800000
+04E0 P:140CE0: 000000 000000 000000 000000 000000 000000 000000 000000
+04E8 P:140CE8: 000000 000000 000000 000000 000000 000000 000000 800000
+04F0 P:140CF0: 000000 000000 000000 000000 000000 000000 000000 800000
+04F8 P:140CF8: 000000 000000 000000 800000 800000 800000 800000 9F0000
+0500 P:140D00: 000000 000000 000000 000000 000000 000000 000000 000000
+0508 P:140D08: 000000 000000 000000 000000 000000 000000 000000 000000
+0510 P:140D10: 000000 000000 000000 000000 000000 000000 000000 000000
+0518 P:140D18: 000000 000000 000000 000000 000000 000000 000000 000000
+0520 P:140D20: 000000 000000 000000 000000 000000 000000 000000 000000
+0528 P:140D28: 000000 000000 000000 000000 000000 000000 000000 000000
+0530 P:140D30: 000000 000000 000000 000000 000000 000000 000000 000000
+0538 P:140D38: 000000 000000 000000 000000 000000 000000 000000 800000
+0540 P:140D40: 000000 000000 000000 000000 000000 000000 000000 000000
+0548 P:140D48: 000000 000000 000000 000000 000000 000000 000000 000000
+0550 P:140D50: 000000 000000 000000 000000 000000 000000 000000 000000
+0558 P:140D58: 000000 000000 000000 000000 000000 000000 000000 800000
+0560 P:140D60: 000000 000000 000000 000000 000000 000000 000000 000000
+0568 P:140D68: 000000 000000 000000 000000 000000 000000 000000 800000
+0570 P:140D70: 000000 000000 000000 000000 000000 000000 000000 800000
+0578 P:140D78: 000000 800000 800000 800000 800000 A00000 A00000 AF0000
+0580 P:140D80: 000000 000000 000000 000000 000000 000000 000000 000000
+0588 P:140D88: 000000 000000 000000 000000 000000 000000 000000 000000
+0590 P:140D90: 000000 000000 000000 000000 000000 000000 000000 000000
+0598 P:140D98: 000000 000000 000000 000000 000000 000000 000000 800000
+05A0 P:140DA0: 000000 000000 000000 000000 000000 000000 000000 000000
+05A8 P:140DA8: 000000 000000 000000 000000 000000 800000 800000 800000
+05B0 P:140DB0: 000000 000000 000000 800000 000000 800000 800000 A00000
+05B8 P:140DB8: 000000 800000 800000 A00000 800000 A00000 B00000 B70000
+05C0 P:140DC0: 000000 000000 000000 000000 000000 000000 000000 800000
+05C8 P:140DC8: 000000 000000 000000 800000 000000 800000 800000 A00000
+05D0 P:140DD0: 000000 000000 000000 800000 000000 800000 800000 A00000
+05D8 P:140DD8: 000000 800000 800000 A00000 800000 B00000 B00000 BB0000
+05E0 P:140DE0: 000000 000000 000000 800000 800000 800000 800000 B00000
+05E8 P:140DE8: 800000 800000 800000 B00000 800000 B00000 B80000 BD0000
+05F0 P:140DF0: 800000 800000 800000 B80000 A00000 B80000 B80000 BE0000
+05F8 P:140DF8: A00000 B80000 BC0000 BF0000 BE0000 BF0000 BF0000 BF0000
+0600 P:140E00: 000000 000000 000000 000000 000000 000000 000000 000000
+0608 P:140E08: 000000 000000 000000 000000 000000 000000 000000 000000
+0610 P:140E10: 000000 000000 000000 000000 000000 000000 000000 000000
+0618 P:140E18: 000000 000000 000000 000000 000000 000000 000000 000000
+0620 P:140E20: 000000 000000 000000 000000 000000 000000 000000 000000
+0628 P:140E28: 000000 000000 000000 000000 000000 000000 000000 000000
+0630 P:140E30: 000000 000000 000000 000000 000000 000000 000000 000000
+0638 P:140E38: 000000 000000 000000 000000 000000 000000 000000 C00000
+0640 P:140E40: 000000 000000 000000 000000 000000 000000 000000 000000
+0648 P:140E48: 000000 000000 000000 000000 000000 000000 000000 000000
+0650 P:140E50: 000000 000000 000000 000000 000000 000000 000000 000000
+0658 P:140E58: 000000 000000 000000 000000 000000 800000 800000 C00000
+0660 P:140E60: 000000 000000 000000 000000 000000 000000 000000 000000
+0668 P:140E68: 000000 000000 000000 800000 000000 800000 800000 C00000
+0670 P:140E70: 000000 000000 000000 800000 000000 800000 800000 C00000
+0678 P:140E78: 000000 800000 800000 C00000 C00000 C00000 C00000 CF0000
+0680 P:140E80: 000000 000000 000000 000000 000000 000000 000000 000000
+0688 P:140E88: 000000 000000 000000 000000 000000 000000 000000 800000
+0690 P:140E90: 000000 000000 000000 000000 000000 000000 000000 800000
+0698 P:140E98: 000000 000000 000000 800000 000000 800000 800000 C00000
+06A0 P:140EA0: 000000 000000 000000 000000 000000 000000 000000 800000
+06A8 P:140EA8: 000000 000000 000000 800000 000000 800000 800000 C00000
+06B0 P:140EB0: 000000 000000 000000 800000 000000 800000 C00000 C00000
+06B8 P:140EB8: 800000 C00000 C00000 C00000 C00000 C00000 D00000 D70000
+06C0 P:140EC0: 000000 000000 000000 000000 000000 000000 000000 800000
+06C8 P:140EC8: 000000 000000 000000 800000 800000 800000 C00000 C00000
+06D0 P:140ED0: 000000 800000 800000 C00000 800000 C00000 C00000 C00000
+06D8 P:140ED8: 800000 C00000 C00000 C00000 C00000 D00000 D00000 DB0000
+06E0 P:140EE0: 000000 800000 800000 C00000 800000 C00000 C00000 D00000
+06E8 P:140EE8: 800000 C00000 C00000 D00000 C00000 D00000 D80000 DD0000
+06F0 P:140EF0: C00000 C00000 C00000 D00000 C00000 D80000 D80000 DE0000
+06F8 P:140EF8: C00000 D80000 DC0000 DF0000 DC0000 DF0000 DF0000 DF0000
+0700 P:140F00: 000000 000000 000000 000000 000000 000000 000000 000000
+0708 P:140F08: 000000 000000 000000 000000 000000 000000 000000 800000
+0710 P:140F10: 000000 000000 000000 000000 000000 000000 000000 800000
+0718 P:140F18: 000000 000000 000000 800000 800000 C00000 C00000 E00000
+0720 P:140F20: 000000 000000 000000 000000 000000 000000 000000 800000
+0728 P:140F28: 000000 800000 800000 C00000 800000 C00000 C00000 E00000
+0730 P:140F30: 000000 800000 800000 C00000 800000 C00000 C00000 E00000
+0738 P:140F38: 800000 C00000 C00000 E00000 C00000 E00000 E00000 E70000
+0740 P:140F40: 000000 000000 000000 800000 000000 800000 800000 C00000
+0748 P:140F48: 000000 800000 800000 C00000 800000 C00000 C00000 E00000
+0750 P:140F50: 000000 800000 800000 C00000 800000 C00000 C00000 E00000
+0758 P:140F58: C00000 C00000 C00000 E00000 E00000 E00000 E00000 EB0000
+0760 P:140F60: 800000 800000 C00000 C00000 C00000 C00000 C00000 E00000
+0768 P:140F68: C00000 E00000 E00000 E00000 E00000 E00000 E00000 ED0000
+0770 P:140F70: C00000 E00000 E00000 E00000 E00000 E80000 E80000 EE0000
+0778 P:140F78: E00000 E80000 EC0000 EF0000 EC0000 EF0000 EF0000 EF0000
+0780 P:140F80: 000000 000000 000000 800000 800000 800000 800000 C00000
+0788 P:140F88: 800000 800000 C00000 C00000 C00000 C00000 C00000 F00000
+0790 P:140F90: 800000 C00000 C00000 C00000 C00000 E00000 E00000 F00000
+0798 P:140F98: C00000 E00000 E00000 F00000 E00000 F00000 F00000 F30000
+07A0 P:140FA0: 800000 C00000 C00000 E00000 C00000 E00000 E00000 F00000
+07A8 P:140FA8: C00000 E00000 E00000 F00000 E00000 F00000 F00000 F50000
+07B0 P:140FB0: E00000 E00000 E00000 F00000 F00000 F00000 F00000 F60000
+07B8 P:140FB8: F00000 F00000 F40000 F70000 F40000 F70000 F70000 F70000
+07C0 P:140FC0: C00000 C00000 C00000 E00000 E00000 E00000 E00000 F00000
+07C8 P:140FC8: E00000 E00000 E00000 F80000 F00000 F80000 F80000 F90000
+07D0 P:140FD0: E00000 F00000 F00000 F80000 F00000 F80000 F80000 FA0000
+07D8 P:140FD8: F00000 F80000 F80000 FB0000 F80000 FB0000 FB0000 FB0000
+07E0 P:140FE0: E00000 F00000 F00000 F80000 F00000 F80000 FC0000 FC0000
+07E8 P:140FE8: F80000 FC0000 FC0000 FD0000 FC0000 FD0000 FD0000 FD0000
+07F0 P:140FF0: F80000 FC0000 FE0000 FE0000 FE0000 FE0000 FE0000 FE0000
+07F8 P:140FF8: FE0000 FF0000 FF0000 FF0000 FF0000 FF0000 FF0000 FF0000
